511588181 652657228
1852756952 1790865963
1140952686 136318373
2085991715 1726961145
1881899363 1978701405
561122256 1959090857
988078148 1510333718
1711549392 955633073
2006051356 1013306190
2140695990 1075491637
1261436914 1694118744
1157750383 718851424
1671851593 895934864
660080930 1309509877
1158971203 754089009
1406746237 2007502684
1650884999 1670559384
1806877757 1112019542
691497039 644354038
475571795 1745385824
1556993033 425912754
1936246473 1036694051
1992327124 397587533
1410893723 1500312217
428320206 1850894832
1397529928 1404106065
2122957489 1689757121
438208337 407796663
1717306541 1647325435
253930796 1098289268
958308304 728794096
251869832 1660677033
625212927 461709656
1106063694 2058747589
1656649765 1316709967
1742622721 1581635489
470845892 1066159150
1463746684 1531385546
884214116 315689369
19100553 727156759
2131262825 1312534322
854807795 1416630482
1824427145 2106736666
1606578453 1293016133
243821753 1394250038
2123044134 1860509249
1373702635 1202130057
1663839713 227430318
138694259 1998915562
1168141881 622419759
56571600 1795344024
714019527 763280955
147182853 527417493
843106862 30282563
757439322 1031396969
196447644 862207415
131354249 741218499
700471518 1051255439
196787924 1955781395
1202547785 159566323
2020075573 440609677
1642739735 1178108272
1405538590 1246294560
1097726474 1159095800
1781515560 1544232850
1192093226 118384708
881665663 1838087160
218021005 1906112753
1936395316 1028848516
2060245486 1061127867
1923335283 546350991
1287569490 109209482
1160464921 2054689532
1862987279 1988041008
123684 1357252846
1797862523 918051417
2096159689 2020199257
1119010169 1293118610
304730763 1354214631
750963833 69252995
187637703 2086246323
1776849835 1943057060
1701686165 1069303366
2098151883 1994870841
908515060 1490597834
2036948825 2010913721
2120123203 684366695
591572580 1177034667
1017592028 1133104476
342873674 307076211
1225127628 1017715712
890431321 2140736198
1286371160 1173803669
380534653 2009441490
2078694485 1591101923
1529864598 1131498486
927071898 118848541
1188151907 1159230786
1006617979 481274416
1971872250 1138820142