17 1950
61
205
270
160
114
169
142
123
180
204
249
1
184
243
134
247
194
40 -1472
37
2
2
89
87
58
51
97
34
4
73
18
24
41
79
42
31
18
4
84
14
67
96
58
86
60
31
38
22
63
3
78
36
80
39
25
91
49
4
57
2 54
21
75
34 2753
27
84
70
152
144
171
45
41
41
122
7
127
28
42
85
163
39
189
35
154
94
33
100
160
140
192
15
77
25
167
130
144
65
15
5 -674
263
2
289
117
3
29 4902
197
55
255
189
55
238
55
67
75
107
281
296
176
25
74
293
250
132
173
166
247
175
286
227
148
262
292
61
167
2 -551
289
262
2 375
191
184
7 89
58
47
186
10
73
78
9
24 -3830
26
41
271
162
37
138
400
250
119
315
294
336
381
371
82
31
250
400
126
74
264
194
155
197
40 2535
44
200
109
76
122
77
165
46
126
95
142
125
161
178
105
92
167
171
83
69
73
2
44
166
96
162
85
170
25
137
170
129
95
195
189
177
102
58
12
177
36 -3704
106
193
139
51
4
47
147
174
90
183
76
144
149
4
186
168
157
59
157
180
182
13
108
7
98
161
111
30
136
78
181
189
150
56
56
147
16 -2252
284
246
141
11
281
153
115
4
208
167
99
114
264
44
168
25
29 -1014
166
227
185
116
92
191
45
266
256
277
53
25
44
30
222
299
114
185
16
243
198
245
244
3
270
156
78
46
158
11 -263
25
76
22
38
25
60
83
24
32
4
26
21 -795
79
23
79
88
25
50
5
96
9
86
8
6
77
77
3
12
19
52
42
4
55
28 5430
365
394
113
250
67
262
161
281
135
255
133
215
120
293
386
329
339
398
253
149
55
110
49
187
201
126
2
132
37 1946
68
3
20
35
44
144
79
10
114
151
127
151
11
187
101
88
176
7
90
63
98
59
120
183
39
93
86
65
168
135
91
139
17
166
44
1
129
34 3926
123
198
267
279
124
93
261
245
198
145
178
6
122
40
109
199
60
188
194
95
89
2
283
285
226
7
244
164
244
297
39
141
128
105
31 6571
192
88
320
375
176
318
235
10
57
259
348
54
14
391
314
169
78
345
291
178
258
166
289
343
311
202
394
360
357
51
250
30 3324
49
13
51
157
29
135
78
141
144
50
22
182
186
121
200
98
165
87
194
9
198
96
180
165
96
125
20
142
103
88
25 -883
142
80
5
129
81
129
87
168
192
3
55
182
187
79
15
123
61
3
197
169
166
137
167
175
85
2 -325
135
197
24 -2707
288
73
38
76
142
67
249
213
147
135
128
218
98
232
300
106
226
66
68
178
45
192
205
223
35 3937
166
161
165
84
186
39
159
113
50
144
33
89
81
149
92
167
119
106
17
190
47
45
89
124
44
36
136
162
197
141
199
133
162
179
199
19 1937
62
45
58
61
156
34
104
158
140
82
171
30
167
86
184
54
115
131
105
19 590
69
243
257
155
134
213
135
156
384
34
374
145
76
78
157
361
381
379
243
19 -3242
370
198
46
90
250
287
104
121
185
373
109
215
351
251
17
225
322
297
171
12 1190
299
59
212
136
169
51
111
148
82
291
144
122
4 119
5
86
57
85
34 -5140
145
355
148
136
28
32
141
109
283
272
382
75
344
315
268
266
62
236
396
146
267
229
148
150
291
334
300
320
182
396
288
294
291
229
11 -415
17
9
76
36
67
73
85
96
60
3
63
38 1195
71
60
1
34
38
55
24
83
89
28
66
91
66
32
95
18
70
46
35
57
97
74
93
8
51
75
18
35
76
9
31
46
95
2
30
10
13
67
34 -909
79
4
8
40
16
32
50
25
84
3
84
68
3
79
65
70
27
47
88
89
47
56
73
92
70
76
8
56
7
88
57
49
34
25
9 1434
139
82
300
23
278
23
221
159
218
16 -576
91
10
27
59
72
52
61
75
33
23
9
22
39
12
14
95
13 -1779
116
246
223
14
210
21
128
78
122
309
90
225
241
21 1077
17
24
61
48
43
23
78
37
36
81
66
41
76
23
70
93
38
79
26
87
30
7 1128
175
105
282
349
157
58
2
6 -1347
248
272
178
319
14
318
18 -912
70
94
72
53
36
50
98
19
23
25
82
96
33
10
71
79
62
54
7 232
58
10
27
89
9
88
8
2 -290
132
158
38 543
29
8
26
72
54
2
79
60
99
16
97
61
93
73
97
1
26
74
64
77
26
62
69
35
17
6
50
41
68
74
9
21
67
93
18
38
89
88
21 -3101
18
52
158
191
384
54
293
192
273
317
253
245
219
30
256
292
231
43
119
188
217
39 5636
119
1
3
178
108
88
290
300
112
290
57
8
166
148
238
195
209
223
190
194
69
204
158
174
88
73
197
182
271
23
49
122
277
87
142
115
285
117
280
29 -642
3
68
128
80
35
147
11
186
142
192
59
146
58
94
184
110
63
58
149
60
77
134
46
21
112
101
31
37
152
22 -4182
31
230
287
28
289
217
136
264
244
93
231
139
53
153
152
228
156
180
277
260
263
271
32 -2615
121
181
71
87
79
24
73
106
71
200
1
116
185
114
16
168
67
99
60
66
127
165
67
176
86
174
160
174
52
183
111
5
14 -997
198
150
106
165
19
90
178
50
125
47
6
103
39
129
21 2714
317
110
289
99
216
357
338
355
301
277
73
214
27
384
307
81
230
72
394
251
80
13 -1523
376
15
99
78
318
339
239
268
326
348
276
132
46
37 2617
36
52
149
18
169
109
182
2
83
43
113
133
8
189
184
90
79
105
35
122
75
177
188
92
32
46
131
124
2
184
128
96
128
155
48
97
137
38 5538
150
210
213
165
277
268
274
145
264
141
126
216
263
137
239
276
82
186
88
125
212
230
3
17
241
8
27
285
222
180
261
166
193
231
172
80
265
68
8 344
29
37
21
94
20
47
35
61
4 91
41
52
32
70
3 198
135
305
375
31 -5557
249
27
369
394
82
137
356
46
301
147
34
396
356
132
56
268
232
106
379
236
281
359
177
128
289
16
87
70
25
302
124
2 -73
11
62
25 1253
207
125
47
89
237
22
278
72
199
100
144
189
96
158
44
33
165
181
10
115
172
157
62
167
140
2 -131
53
78
36 1888
62
19
151
128
35
55
112
179
119
43
147
84
29
176
120
25
147
103
143
161
68
171
169
150
27
112
160
120
95
59
12
51
49
183
112
100
28 -4570
95
116
266
342
362
169
228
3
123
375
325
79
142
121
379
31
87
246
133
288
27
318
260
100
313
272
97
399
39 3373
292
237
103
125
157
175
159
138
65
247
235
163
50
96
4
218
9
2
21
178
37
227
211
171
241
86
264
131
94
28
282
51
176
47
159
96
56
116
228
3 96
289
208
183
23 -1804
263
203
199
341
368
329
345
234
15
345
381
176
46
254
259
280
136
58
75
12
241
234
76
25 -2363
322
276
85
135
192
153
393
117
57
175
188
51
147
375
119
144
94
361
160
184
102
349
208
120
230
15 2266
110
135
65
392
83
19
116
113
137
289
323
28
104
288
272
11 -790
196
87
75
55
186
57
174
92
15
87
120
9 -899
28
60
107
56
103
31
165
257
92
17 1042
166
58
138
124
54
48
8
168
125
43
33
179
22
107
95
3
95
4 -621
230
92
42
263
27 -802
69
51
7
89
92
60
50
51
7
90
66
86
46
30
57
11
79
47
40
46
53
69
25
60
27
73
76
16 625
74
23
34
53
61
4
58
67
69
96
21
93
13
63
59
31
17 -2269
184
188
95
140
329
245
33
205
220
233
80
113
296
179
219
299
265
13 156
56
10
85
85
2
24
14
76
92
62
51
12
45
30 -953
94
16
42
2
34
52
60
45
36
40
30
13
57
76
69
48
65
59
55
78
17
34
53
49
84
61
87
14
5
14
5 367
147
167
84
224
79
18 -1890
62
269
281
9
290
27
39
262
108
65
239
37
227
66
273
69
56
63
30 -1450
8
42
64
17
166
105
79
87
18
47
195
134
78
75
184
56
154
129
34
104
24
24
3
98
166
4
147
160
200
34
26 4158
364
75
144
98
304
55
53
149
221
173
291
284
396
124
304
371
175
353
197
293
98
322
14
335
286
301
18 1256
28
79
47
54
166
24
181
80
141
4
96
149
24
95
22
131
73
198
24 -2333
194
89
56
88
105
134
151
97
5
119
80
100
148
54
60
38
163
139
154
79
50
103
198
187
6 1036
51
279
211
253
18
224
27 -519
73
80
46
88
94
93
86
71
97
32
82
38
70
29
86
6
92
55
59
90
98
53
75
26
25
6
89
34 1609
79
66
53
49
51
92
60
1
49
65
68
74
78
46
64
62
51
54
25
8
91
74
63
64
94
47
41
13
72
28
96
20
86
25
38 1077
79
87
8
71
5
52
36
61
89
95
38
74
17
35
69
43
62
88
31
6
74
67
57
44
42
84
14
15
49
10
93
2
75
11
73
99
93
61
34 -4072
177
337
211
70
140
301
204
337
176
226
95
214
276
378
280
280
295
149
166
332
340
50
93
30
2
98
249
208
375
255
131
144
126
344
33 648
33
46
72
4
76
75
56
12
24
58
24
24
32
11
83
40
97
89
31
79
29
11
32
15
22
88
45
69
70
49
92
25
51
5 -1047
127
297
79
290
254
35 1880
95
63
53
89
154
198
13
15
102
198
106
131
5
83
101
26
171
140
102
106
24
75
87
133
84
185
43
4
66
81
78
175
129
37
186
37 -1671
52
93
13
48
79
33
31
50
60
100
31
96
20
56
46
87
16
87
44
39
66
97
14
16
91
97
11
38
82
6
39
42
52
81
11
51
98
10 -2029
397
41
373
290
170
84
158
195
82
239
10 -875
92
60
101
90
37
128
147
68
150
186
21 -1664
305
345
25
353
203
221
284
295
317
178
260
289
149
293
78
85
153
11
352
31
158
21 -2293
308
40
321
121
218
181
151
205
62
384
243
298
98
318
94
173
301
270
167
143
37
18 2244
167
310
36
244
73
72
72
30
312
174
186
89
15
294
258
56
227
289
25 1154
100
23
81
17
1
15
91
54
94
53
39
20
46
56
32
37
9
20
92
50
8
79
66
24
63
5 -625
174
58
197
60
136
37 -1635
4
31
75
11
52
35
1
21
92
51
84
76
62
88
15
49
23
44
16
40
41
58
76
75
27
89
39
73
27
32
94
67
2
12
52
49
48
0 0
