100

59
0 0
5 -3
9 -9
18 -7
20 -4
21 -13
27 -12
28 -6
35 -11
37 -14
44 -9
49 -4
52 -1
62 -1
68 -5
71 -10
77 -18
87 -28
90 -38
91 -43
92 -42
98 -41
103 -41
108 -31
111 -31
112 -23
120 -33
122 -26
124 -16
134 -23
135 -26
136 -18
142 -12
152 -10
159 -10
168 -4
172 -4
173 -4
180 -14
183 -9
186 -14
187 -16
195 -22
205 -32
209 -34
210 -36
214 -34
221 -39
229 -40
236 -33
241 -31
243 -29
253 -39
257 -31
267 -39
270 -33
273 -29
282 -37
288 0
22
46.34 90077.24 88174.06

41
0 0
6 -1
11 -1
18 -2
21 -1
23 -1
27 -4
30 -12
31 -12
32 -18
33 -17
36 -27
45 -37
46 -34
50 -40
51 -31
55 -25
59 -32
68 -38
77 -35
79 -45
85 -35
91 -25
101 -34
105 -35
108 -42
118 -51
120 -44
130 -45
137 -37
144 -43
151 -41
160 -48
168 -41
175 -36
178 -37
182 -43
185 -43
187 -37
193 -37
201 0
93
68.89 363586.46 399870.32

77
0 0
1 -7
11 -1
12 -1
17 -1
25 -3
33 -4
43 -1
45 -4
54 -7
55 -14
57 -9
62 -4
68 -1
77 -3
79 -1
81 -11
85 -5
91 -3
96 -1
98 -2
104 -1
111 -1
119 -7
127 -4
133 -9
143 -18
152 -9
154 -13
163 -21
170 -11
171 -20
174 -17
184 -24
193 -20
194 -21
195 -31
204 -31
209 -34
217 -30
220 -27
221 -31
227 -34
235 -27
238 -23
247 -32
248 -42
256 -32
264 -30
273 -21
281 -20
290 -13
297 -9
299 -3
303 -1
312 -7
316 -7
320 -8
324 -1
326 -1
329 -1
335 -1
340 -1
341 -1
344 -6
349 -8
353 -10
356 -2
359 -11
369 -3
376 -1
382 -1
390 -1
394 -1
396 -1
397 -1
401 0
4
25.91 407.88 8452.11

60
0 0
3 -5
4 -10
5 -9
11 -16
13 -18
14 -8
17 -17
19 -26
23 -33
29 -33
32 -42
42 -52
45 -49
51 -46
58 -48
59 -54
67 -64
68 -58
70 -59
80 -54
85 -63
88 -61
94 -53
98 -55
99 -48
103 -53
113 -57
116 -64
120 -55
121 -57
129 -47
137 -43
143 -33
145 -38
151 -46
153 -38
158 -41
162 -40
170 -45
179 -44
184 -54
189 -46
195 -45
197 -54
198 -44
206 -44
207 -54
216 -54
224 -61
229 -63
230 -73
234 -70
235 -78
244 -72
247 -82
252 -86
262 -82
270 -81
278 0
43
9.95 178087.58 510183.92

49
0 0
5 -6
13 -12
23 -19
29 -14
38 -4
45 -7
52 -1
57 -1
60 -1
69 -7
71 -5
72 -14
76 -14
86 -15
89 -21
93 -13
97 -18
101 -16
111 -25
112 -20
122 -21
131 -19
135 -20
144 -28
149 -30
157 -25
158 -33
165 -34
172 -24
180 -14
189 -23
190 -22
192 -25
196 -32
206 -24
210 -23
214 -16
218 -24
223 -15
231 -25
241 -31
247 -26
256 -28
266 -34
273 -28
279 -36
283 -32
286 0
58
51.24 109488.20 127826.55

71
0 0
5 -7
15 -5
25 -15
27 -14
34 -14
41 -15
44 -16
49 -14
52 -17
53 -25
61 -25
69 -23
75 -23
80 -32
83 -35
87 -28
94 -38
100 -30
109 -34
113 -41
118 -44
126 -42
136 -44
146 -40
147 -31
150 -35
151 -25
159 -25
165 -24
169 -20
178 -13
181 -16
189 -18
195 -26
201 -28
208 -18
209 -9
214 -11
215 -7
222 -1
229 -1
230 -1
231 -1
233 -1
237 -1
247 -1
250 -1
260 -8
264 -8
273 -15
279 -22
288 -13
297 -19
307 -14
310 -6
314 -13
321 -23
325 -30
334 -24
337 -17
340 -13
343 -13
347 -21
357 -14
358 -11
368 -10
369 -8
373 -11
377 -12
378 0
88
29.32 181642.00 755388.68

62
0 0
9 -1
19 -9
25 -11
32 -4
33 -1
36 -4
38 -7
44 -11
52 -16
53 -16
62 -24
64 -21
68 -16
74 -21
82 -13
83 -12
92 -7
98 -17
102 -11
109 -19
115 -14
122 -15
129 -18
139 -18
141 -21
143 -28
150 -22
152 -15
160 -16
165 -19
172 -24
179 -28
183 -35
189 -36
191 -36
196 -37
201 -33
211 -29
216 -27
221 -23
226 -32
236 -30
238 -34
244 -33
248 -43
250 -41
253 -33
254 -24
256 -34
260 -43
266 -43
271 -49
280 -57
282 -51
288 -49
298 -41
307 -47
317 -40
327 -40
331 -44
338 0
73
26.88 262309.53 70533.50

73
0 0
8 -1
17 -2
26 -11
34 -8
44 -1
47 -1
55 -5
57 -7
67 -1
72 -5
75 -7
81 -7
88 -11
97 -3
101 -13
105 -22
109 -14
114 -20
121 -16
125 -8
131 -7
138 -5
147 -3
154 -13
162 -23
172 -21
182 -21
183 -11
184 -7
188 -13
193 -17
203 -18
204 -14
205 -21
211 -15
216 -19
219 -10
226 -8
234 -4
241 -7
250 -13
258 -11
265 -9
275 -15
280 -25
282 -21
288 -23
296 -31
301 -40
303 -39
308 -45
312 -36
313 -41
317 -33
322 -28
330 -18
338 -22
342 -14
344 -22
351 -15
358 -16
366 -7
370 -10
377 -3
384 -1
385 -9
387 -1
391 -1
392 -2
397 -6
403 -5
411 0
3
55.93 7138.44 2252.50

74
0 0
4 -8
8 -8
11 -5
16 -1
19 -7
20 -7
25 -1
33 -1
37 -5
40 -14
43 -13
49 -8
57 -16
60 -8
61 -17
70 -9
73 -16
81 -7
85 -1
89 -1
92 -11
100 -21
103 -26
111 -36
112 -34
121 -39
127 -39
136 -46
139 -37
146 -27
154 -21
156 -31
160 -32
163 -39
167 -39
170 -48
171 -38
180 -41
186 -39
193 -34
199 -26
202 -32
211 -35
216 -32
225 -31
229 -39
230 -31
231 -38
236 -30
245 -27
247 -21
253 -11
259 -11
268 -9
276 -17
281 -16
282 -15
286 -23
291 -22
296 -25
301 -31
304 -34
306 -42
308 -48
316 -53
319 -48
323 -53
326 -47
335 -51
345 -53
355 -57
364 -47
368 0
10
18.19 801.80 37059.74

11
0 0
4 -1
14 -2
19 -1
27 -1
32 -1
36 -1
38 -11
45 -20
52 -13
56 0
95
16.99 28669.51 14855.25

96
0 0
10 -1
20 -5
24 -5
25 -1
35 -1
45 -3
50 -1
55 -10
59 -17
66 -8
69 -10
70 -4
78 -13
85 -13
86 -7
89 -1
99 -1
107 -5
116 -1
122 -5
124 -14
127 -12
130 -12
132 -21
140 -27
146 -25
152 -15
155 -22
156 -29
159 -38
162 -43
172 -34
176 -39
184 -30
192 -24
193 -34
194 -37
204 -28
209 -25
219 -15
225 -9
226 -7
232 -3
242 -5
245 -1
249 -1
251 -6
261 -9
266 -17
271 -26
279 -17
287 -23
290 -23
298 -23
305 -25
306 -24
313 -33
316 -32
324 -25
325 -22
334 -13
342 -17
347 -16
354 -21
356 -13
363 -8
365 -1
372 -1
376 -1
378 -1
381 -1
386 -7
387 -12
393 -4
397 -7
406 -4
416 -6
423 -8
425 -10
429 -16
434 -25
441 -35
442 -42
443 -46
452 -39
460 -32
466 -37
469 -47
470 -56
471 -51
479 -44
483 -44
486 -43
495 -49
503 0
29
61.73 212718.21 147759.58

51
0 0
2 -1
9 -1
16 -6
22 -10
30 -8
34 -17
37 -16
39 -25
41 -33
49 -40
58 -36
67 -32
76 -40
78 -35
85 -28
93 -30
96 -37
102 -47
112 -40
120 -31
121 -36
126 -34
132 -37
141 -40
146 -49
151 -54
152 -64
157 -63
165 -56
175 -57
178 -47
183 -46
186 -54
190 -59
197 -54
201 -63
202 -59
209 -57
218 -53
228 -54
237 -44
244 -42
249 -41
258 -43
260 -41
267 -43
273 -52
275 -45
277 -35
286 0
48
33.61 120541.96 289746.16

100
0 0
4 -2
5 -7
6 -1
14 -1
17 -10
21 -1
30 -11
34 -17
37 -27
41 -26
46 -29
51 -33
58 -34
64 -37
70 -47
77 -57
83 -65
89 -72
94 -77
95 -81
102 -76
106 -76
111 -67
121 -60
125 -70
131 -66
138 -67
146 -74
150 -65
153 -58
160 -67
169 -71
177 -69
185 -67
192 -58
193 -50
196 -57
198 -61
201 -56
203 -60
213 -60
215 -53
219 -57
228 -63
236 -59
239 -58
245 -62
246 -63
252 -59
259 -54
260 -54
265 -44
269 -46
275 -53
279 -51
280 -43
282 -40
289 -46
295 -48
300 -44
301 -43
309 -35
316 -29
322 -31
328 -23
334 -22
342 -14
347 -18
348 -8
350 -1
359 -9
362 -17
364 -23
366 -24
370 -28
377 -29
385 -33
386 -30
395 -21
402 -18
408 -17
418 -23
426 -31
436 -36
444 -44
445 -43
455 -49
461 -49
465 -42
475 -48
485 -38
486 -33
488 -31
496 -41
505 -49
508 -55
516 -50
523 -46
528 0
34
19.46 770115.87 514188.48

64
0 0
7 -4
17 -1
24 -1
31 -2
38 -1
40 -1
42 -3
44 -1
49 -1
59 -9
63 -16
68 -24
75 -14
78 -8
79 -1
89 -2
96 -1
98 -3
107 -5
109 -3
113 -1
120 -7
127 -6
132 -15
136 -24
146 -31
156 -26
157 -24
161 -29
166 -19
172 -21
179 -24
187 -18
188 -20
192 -27
196 -34
201 -42
207 -34
209 -29
219 -36
226 -43
232 -43
238 -39
244 -35
250 -36
256 -33
261 -29
270 -32
276 -33
286 -36
296 -37
303 -39
304 -41
308 -46
311 -54
319 -46
320 -36
325 -33
334 -36
338 -28
347 -26
354 -34
359 0
33
82.67 233698.94 229373.90

32
0 0
6 -6
9 -9
14 -14
24 -20
34 -25
44 -24
49 -17
50 -7
53 -12
57 -11
64 -6
65 -11
72 -4
75 -1
78 -5
80 -6
89 -11
92 -20
95 -24
97 -31
103 -37
104 -33
108 -29
117 -38
127 -38
131 -45
140 -38
149 -38
150 -31
160 -30
167 0
37
9.84 112458.25 99882.54

19
0 0
2 -1
9 -2
18 -1
21 -1
31 -6
39 -9
47 -12
56 -10
62 -6
68 -8
78 -15
80 -10
86 -4
95 -2
97 -1
102 -1
107 -1
115 0
70
23.01 41908.63 26040.92

30
0 0
3 -1
7 -5
12 -1
13 -1
21 -2
25 -1
34 -1
37 -11
38 -21
41 -30
43 -32
51 -32
61 -33
70 -38
72 -33
81 -41
90 -37
97 -40
105 -50
110 -53
114 -49
115 -55
117 -53
124 -45
131 -45
133 -44
139 -34
145 -37
149 0
38
74.34 32048.32 107977.42

61
0 0
2 -6
5 -10
12 -16
19 -12
27 -6
31 -1
35 -6
38 -4
45 -14
47 -23
52 -20
56 -15
63 -7
73 -2
82 -10
88 -13
89 -13
92 -17
100 -8
106 -12
115 -22
125 -24
131 -28
141 -32
148 -28
150 -18
153 -18
161 -28
168 -31
174 -31
178 -41
179 -47
187 -41
192 -32
201 -24
209 -31
211 -31
214 -21
222 -17
231 -21
237 -19
241 -24
245 -21
247 -19
256 -13
263 -18
265 -23
275 -15
284 -25
287 -31
297 -40
306 -43
316 -47
322 -55
325 -54
330 -63
340 -63
345 -67
349 -61
354 0
9
31.46 65500.81 44466.83

74
0 0
5 -1
15 -6
19 -4
22 -14
23 -7
31 -6
35 -13
43 -21
51 -19
55 -11
59 -11
66 -11
74 -6
83 -1
87 -1
92 -1
98 -6
105 -16
107 -16
109 -20
114 -28
119 -36
121 -45
126 -36
129 -27
135 -35
143 -43
146 -50
154 -52
159 -43
169 -34
171 -39
175 -41
185 -43
190 -50
192 -60
200 -66
207 -67
214 -65
219 -56
221 -61
224 -61
227 -55
234 -58
238 -59
245 -66
251 -75
257 -79
262 -70
264 -66
272 -70
277 -61
284 -64
293 -73
302 -66
307 -72
310 -78
315 -74
322 -78
328 -69
333 -71
343 -72
350 -68
358 -63
366 -60
370 -56
372 -46
376 -49
378 -46
386 -47
389 -55
394 -61
395 0
63
41.80 744883.53 694009.60

73
0 0
1 -1
8 -1
14 -1
24 -1
34 -1
40 -1
49 -11
56 -10
61 -7
69 -1
75 -1
80 -1
87 -1
90 -1
94 -5
103 -1
108 -1
115 -1
117 -7
119 -1
126 -6
136 -14
138 -6
144 -2
154 -1
155 -1
162 -1
165 -1
174 -1
181 -1
188 -1
189 -6
199 -9
203 -3
212 -1
216 -1
222 -1
227 -11
228 -8
236 -9
240 -8
246 -15
256 -10
262 -5
268 -10
277 -7
281 -15
288 -24
289 -32
296 -23
300 -23
310 -23
320 -33
324 -29
327 -19
335 -11
337 -12
344 -22
346 -29
347 -32
348 -32
350 -28
357 -20
358 -21
362 -17
364 -15
366 -14
371 -12
379 -11
384 -19
387 -15
391 0
49
61.74 88569.77 96069.13

67
0 0
8 -10
9 -4
17 -1
24 -1
27 -1
29 -5
31 -1
32 -5
36 -3
39 -1
40 -2
47 -12
56 -18
60 -14
61 -22
70 -23
71 -25
73 -34
76 -35
86 -27
88 -35
98 -36
102 -40
103 -42
111 -45
115 -50
116 -45
118 -42
124 -39
125 -32
132 -38
141 -40
143 -33
153 -29
162 -26
163 -34
167 -25
176 -35
180 -42
187 -41
191 -36
192 -46
201 -42
205 -44
214 -53
218 -56
226 -59
229 -54
238 -46
246 -52
256 -59
258 -68
259 -76
262 -72
265 -63
272 -60
281 -51
283 -61
284 -56
287 -63
288 -66
290 -75
293 -76
297 -75
305 -74
306 0
52
87.58 586712.57 75719.21

71
0 0
5 -10
6 -18
11 -11
12 -21
18 -14
19 -24
21 -25
28 -30
33 -20
41 -17
45 -24
55 -28
65 -27
74 -22
79 -14
84 -9
90 -2
97 -1
100 -9
108 -14
113 -12
118 -9
126 -13
133 -12
137 -9
139 -10
141 -5
148 -1
151 -6
152 -5
153 -4
157 -11
162 -8
164 -13
167 -23
176 -30
179 -29
187 -24
191 -33
196 -39
204 -49
210 -46
217 -44
224 -39
227 -39
229 -35
230 -34
232 -40
241 -46
245 -53
255 -57
259 -66
263 -73
265 -81
267 -76
271 -78
279 -69
282 -73
290 -72
295 -64
298 -60
301 -59
303 -49
311 -41
313 -36
322 -41
324 -47
331 -56
340 -64
345 0
100
87.25 291627.69 1110793.84

37
0 0
10 -1
16 -3
22 -6
28 -7
32 -7
42 -6
45 -1
48 -9
51 -19
59 -15
67 -10
76 -7
80 -7
83 -17
88 -14
89 -9
99 -1
108 -1
113 -1
122 -1
129 -3
131 -1
136 -1
146 -1
150 -8
154 -1
160 -2
166 -3
175 -1
183 -1
186 -1
191 -10
201 -7
207 -9
208 -12
214 0
14
46.34 7090.72 6830.59

79
0 0
10 -1
16 -1
18 -1
19 -1
25 -1
31 -1
34 -7
38 -5
43 -2
49 -1
58 -1
66 -11
67 -6
70 -8
71 -5
77 -14
82 -19
88 -29
94 -25
96 -22
97 -16
103 -7
110 -1
112 -1
122 -1
132 -5
137 -1
146 -8
152 -11
158 -20
164 -25
170 -26
178 -27
179 -18
189 -24
194 -16
195 -15
196 -13
204 -9
214 -16
223 -14
229 -11
234 -6
243 -15
253 -20
257 -13
265 -9
274 -1
275 -1
279 -2
284 -1
286 -1
296 -3
297 -11
305 -21
308 -24
312 -15
318 -14
328 -23
332 -21
336 -22
341 -24
345 -21
348 -27
354 -26
359 -16
365 -8
371 -13
380 -5
385 -9
394 -16
404 -11
405 -10
413 -1
416 -6
417 -1
425 -5
427 0
29
66.11 135239.38 108001.60

37
0 0
8 -1
16 -7
24 -14
29 -16
31 -26
32 -17
35 -12
36 -8
39 -5
40 -2
46 -9
48 -17
57 -16
65 -7
72 -1
80 -9
83 -2
85 -3
89 -1
95 -7
98 -12
103 -15
105 -7
112 -1
121 -11
126 -6
135 -4
142 -7
148 -11
155 -19
161 -29
165 -27
175 -25
176 -26
180 -32
188 0
7
85.31 3568.69 7136.32

16
0 0
10 -10
13 -10
17 -15
19 -25
26 -35
31 -39
35 -34
42 -35
46 -33
54 -27
59 -26
62 -33
66 -40
70 -35
78 0
21
58.12 13043.57 43903.41

80
0 0
3 -1
11 -1
19 -1
23 -1
27 -1
35 -1
43 -4
48 -11
56 -2
66 -6
74 -5
84 -11
94 -9
96 -8
105 -4
106 -14
112 -24
122 -22
128 -25
131 -32
132 -26
138 -30
144 -39
153 -49
157 -45
162 -36
171 -29
179 -38
189 -43
190 -33
192 -27
195 -17
196 -19
204 -21
212 -12
220 -10
225 -9
234 -16
239 -12
246 -12
252 -4
256 -1
264 -10
272 -11
281 -19
282 -22
285 -27
290 -26
295 -25
305 -31
312 -23
313 -19
319 -23
321 -29
331 -36
333 -45
336 -46
337 -45
347 -46
357 -55
366 -55
373 -65
382 -56
387 -54
390 -53
396 -61
399 -61
401 -67
410 -76
412 -84
419 -87
428 -92
437 -90
439 -86
448 -76
458 -70
461 -69
469 -60
477 0
8
71.39 53757.32 32483.89

69
0 0
2 -5
7 -13
16 -14
26 -17
36 -8
41 -2
51 -1
56 -1
65 -4
74 -11
79 -11
85 -4
88 -1
90 -1
100 -1
109 -1
110 -1
113 -8
114 -5
116 -5
125 -2
127 -1
136 -4
146 -1
155 -3
158 -1
163 -1
171 -1
178 -1
180 -3
181 -12
189 -5
195 -5
199 -4
208 -14
213 -22
220 -17
222 -22
230 -32
239 -41
249 -50
252 -41
255 -34
261 -41
266 -42
273 -32
279 -41
285 -51
286 -49
289 -57
290 -61
296 -66
300 -71
303 -77
310 -84
313 -94
319 -91
326 -93
332 -96
341 -87
346 -80
348 -73
355 -65
361 -59
363 -59
373 -60
380 -65
389 0
71
48.82 579097.08 508895.31

75
0 0
4 -1
11 -2
13 -1
16 -6
24 -4
34 -14
43 -18
47 -27
56 -30
59 -39
62 -29
63 -20
69 -24
79 -34
87 -43
92 -40
95 -37
102 -39
111 -43
121 -42
130 -32
139 -33
141 -40
148 -38
154 -43
155 -44
156 -37
163 -43
167 -51
176 -59
178 -56
187 -61
195 -51
205 -44
206 -38
212 -41
215 -43
225 -33
226 -31
229 -33
238 -33
240 -32
246 -42
249 -34
253 -35
262 -43
267 -42
274 -50
280 -44
284 -46
289 -54
294 -52
304 -49
305 -49
315 -39
317 -41
318 -47
324 -45
334 -49
342 -39
343 -32
346 -24
354 -18
357 -28
364 -37
365 -37
373 -30
378 -24
385 -29
391 -35
398 -44
403 -48
405 -43
407 0
40
57.55 268416.15 148044.63

94
0 0
2 -6
12 -11
21 -2
22 -1
30 -7
37 -15
44 -7
45 -1
55 -1
61 -4
65 -1
70 -5
71 -5
81 -2
89 -7
92 -17
95 -22
99 -32
106 -39
107 -41
114 -40
116 -33
118 -25
120 -15
123 -8
126 -6
127 -4
132 -3
140 -1
150 -1
158 -1
166 -1
173 -1
177 -1
183 -1
186 -1
187 -4
190 -13
195 -9
198 -3
205 -1
210 -9
217 -7
221 -17
226 -19
233 -19
242 -9
252 -13
257 -23
261 -14
262 -19
267 -25
276 -19
281 -27
287 -31
292 -40
297 -47
302 -49
308 -53
318 -50
328 -41
330 -34
339 -28
341 -22
348 -28
355 -28
357 -36
361 -28
371 -25
372 -29
379 -29
380 -39
384 -40
390 -48
399 -48
403 -40
406 -32
409 -30
415 -34
417 -34
418 -28
424 -26
432 -28
436 -24
440 -27
450 -21
457 -17
466 -9
467 -5
470 -7
477 -1
482 -1
490 0
4
93.15 29453.31 19090.49

34
0 0
7 -10
8 -4
14 -1
17 -3
19 -1
23 -1
32 -1
36 -1
45 -1
49 -5
53 -9
59 -19
60 -27
67 -28
76 -25
81 -24
91 -19
97 -28
101 -32
105 -29
110 -33
118 -34
125 -24
127 -29
132 -35
137 -34
138 -31
147 -33
156 -33
162 -33
172 -29
180 -38
187 0
45
91.28 9700.67 21794.04

76
0 0
2 -5
8 -4
15 -6
20 -3
21 -1
30 -5
33 -7
42 -17
47 -23
57 -27
60 -19
66 -24
71 -30
80 -24
90 -15
93 -14
94 -20
103 -16
107 -16
113 -17
120 -24
122 -14
132 -23
140 -14
141 -7
151 -12
156 -17
158 -26
165 -24
171 -23
177 -24
183 -28
184 -26
192 -28
200 -31
203 -41
204 -31
205 -37
207 -36
214 -26
224 -33
226 -35
235 -45
241 -55
249 -60
252 -63
255 -59
261 -58
268 -61
278 -51
283 -49
287 -52
297 -55
303 -51
312 -60
314 -60
317 -55
321 -56
327 -48
337 -55
345 -45
355 -40
357 -30
367 -22
376 -17
384 -13
390 -11
397 -5
401 -14
403 -14
410 -6
419 -1
426 -1
435 -1
444 0
5
47.65 30567.99 65588.34

93
0 0
3 -1
10 -1
11 -5
20 -12
22 -5
30 -6
40 -14
44 -22
54 -16
59 -24
67 -17
76 -17
77 -17
86 -11
87 -9
89 -1
93 -10
102 -13
109 -4
116 -1
124 -7
126 -6
133 -8
139 -17
146 -17
153 -21
154 -11
163 -12
173 -3
178 -4
182 -13
187 -10
192 -3
195 -2
199 -1
202 -1
207 -1
210 -8
213 -18
221 -19
224 -24
225 -30
235 -34
238 -36
239 -40
247 -37
248 -27
256 -24
266 -25
268 -35
271 -32
280 -24
283 -16
285 -16
288 -20
297 -18
303 -12
313 -18
321 -17
324 -21
334 -18
336 -22
340 -32
347 -31
356 -30
359 -23
360 -24
361 -27
370 -29
375 -19
379 -12
380 -19
384 -12
386 -12
392 -21
400 -31
410 -23
412 -18
420 -10
428 -19
438 -21
439 -27
449 -22
452 -16
458 -18
460 -24
462 -14
468 -4
470 -3
480 -1
489 -4
497 0
99
21.44 289929.08 768387.19

11
0 0
2 -1
9 -7
17 -1
22 -1
31 -10
36 -18
44 -21
47 -24
50 -16
51 0
67
9.09 19013.37 12697.02

50
0 0
8 -9
10 -15
12 -21
18 -14
23 -15
29 -6
39 -1
48 -1
49 -7
55 -16
58 -7
67 -10
76 -1
80 -1
84 -1
93 -1
99 -1
100 -1
105 -10
108 -9
111 -2
113 -1
115 -1
118 -5
121 -10
128 -6
131 -15
133 -24
136 -14
143 -8
144 -11
150 -1
156 -10
164 -15
169 -16
172 -20
175 -29
179 -34
187 -43
191 -50
193 -59
203 -53
209 -48
216 -48
219 -42
222 -41
231 -51
239 -48
244 0
71
87.71 157012.25 375900.67

21
0 0
10 -1
14 -7
19 -1
29 -6
35 -15
41 -22
45 -19
46 -25
55 -23
60 -31
63 -25
66 -15
75 -19
77 -11
78 -2
81 -11
86 -20
89 -29
93 -38
96 0
47
90.32 31064.58 68509.40

16
0 0
4 -1
8 -1
14 -1
18 -8
23 -17
26 -16
33 -6
34 -2
38 -4
40 -13
49 -10
57 -7
65 -14
69 -18
72 0
42
82.21 3918.66 24186.08

3
0 0
6 -5
14 0
100
41.45 210.92 614.74

41
0 0
3 -2
9 -1
15 -1
18 -3
19 -4
27 -1
36 -1
39 -1
43 -1
46 -8
48 -15
49 -6
56 -1
65 -1
75 -9
77 -12
80 -12
81 -11
90 -6
92 -11
94 -7
101 -1
109 -1
114 -1
119 -1
121 -10
122 -16
129 -17
132 -20
138 -21
139 -11
149 -4
158 -1
162 -1
170 -11
178 -5
187 -5
189 -9
198 -1
205 0
32
98.47 24871.97 31831.06

17
0 0
4 -1
13 -7
22 -1
26 -4
36 -11
41 -1
48 -11
50 -11
58 -1
62 -7
63 -14
68 -13
75 -11
84 -2
90 -9
98 0
28
72.06 10338.94 12469.28

18
0 0
6 -1
16 -1
18 -8
22 -14
32 -11
36 -13
45 -21
51 -29
56 -22
60 -22
65 -13
69 -8
71 -2
75 -1
76 -1
81 -11
85 0
45
32.00 17966.52 20981.32

85
0 0
3 -5
8 -12
9 -12
18 -16
28 -20
36 -29
46 -37
49 -32
50 -41
60 -39
68 -44
71 -39
81 -46
88 -55
95 -65
105 -62
112 -64
120 -61
128 -68
134 -67
142 -73
143 -63
152 -62
162 -61
164 -69
166 -63
168 -65
175 -75
181 -70
189 -73
190 -64
200 -63
207 -57
210 -57
216 -50
225 -43
228 -51
233 -53
236 -54
243 -51
246 -61
255 -53
260 -58
264 -62
271 -54
276 -56
277 -61
279 -69
289 -61
292 -64
297 -71
298 -72
304 -67
309 -61
317 -70
326 -71
335 -65
344 -68
350 -70
360 -69
362 -69
365 -74
369 -65
377 -57
383 -57
387 -52
394 -54
399 -52
407 -51
410 -52
419 -46
426 -36
429 -26
431 -32
438 -34
446 -28
447 -24
457 -32
467 -24
476 -19
480 -25
481 -34
490 -36
492 0
2
2.71 14118.05 27602.02

78
0 0
5 -10
10 -9
20 -3
21 -1
23 -1
32 -10
35 -9
43 -9
45 -14
51 -21
53 -11
58 -12
59 -3
68 -1
69 -1
79 -7
87 -4
88 -1
97 -4
104 -1
109 -1
116 -7
123 -12
128 -9
136 -12
145 -9
150 -10
154 -9
155 -14
156 -23
162 -17
164 -16
174 -24
178 -19
187 -29
197 -32
206 -27
213 -29
215 -25
217 -23
226 -29
229 -30
231 -24
233 -22
235 -25
244 -21
254 -17
263 -25
273 -23
283 -27
290 -21
291 -22
293 -27
303 -26
306 -27
311 -27
316 -21
326 -12
327 -4
330 -4
334 -13
343 -20
352 -15
357 -12
359 -17
362 -18
368 -11
369 -5
377 -12
382 -18
384 -9
387 -12
391 -18
394 -13
403 -15
412 -12
417 0
98
63.47 203354.85 185777.45

94
0 0
5 -1
7 -1
13 -1
18 -1
23 -1
32 -1
34 -2
37 -6
42 -15
46 -14
50 -21
58 -19
68 -26
70 -25
77 -32
84 -31
94 -26
98 -32
104 -30
113 -39
114 -41
118 -33
126 -40
128 -48
130 -56
135 -58
139 -49
140 -44
150 -46
159 -41
164 -45
174 -43
175 -49
176 -54
185 -60
188 -50
190 -43
200 -49
209 -44
215 -42
221 -45
222 -46
229 -49
237 -49
247 -47
254 -52
255 -56
260 -48
266 -42
273 -37
282 -45
290 -39
299 -49
300 -54
301 -51
307 -48
310 -53
312 -62
320 -72
323 -74
325 -76
329 -78
339 -85
348 -81
351 -72
357 -62
361 -72
367 -73
371 -66
376 -74
379 -66
388 -65
393 -69
398 -78
407 -88
414 -80
416 -78
418 -72
420 -70
428 -67
438 -59
446 -59
448 -57
449 -58
450 -55
460 -62
463 -58
465 -62
467 -60
473 -56
476 -47
480 -39
485 0
2
36.14 33000.12 8886.52

83
0 0
1 -1
4 -1
13 -3
17 -13
19 -16
27 -12
34 -6
36 -14
38 -21
47 -13
57 -3
62 -2
70 -1
75 -1
81 -11
83 -10
89 -16
92 -9
98 -17
100 -26
108 -19
111 -28
117 -24
126 -15
135 -7
144 -11
151 -17
160 -23
165 -23
175 -22
180 -21
183 -28
190 -21
199 -18
203 -11
210 -13
216 -12
222 -15
230 -20
232 -22
234 -23
238 -14
243 -17
245 -17
252 -15
260 -17
261 -20
266 -10
273 -1
283 -8
291 -1
299 -4
300 -1
301 -4
303 -11
306 -8
316 -18
324 -19
333 -29
340 -21
344 -30
349 -34
354 -40
358 -39
367 -32
376 -33
382 -35
385 -25
393 -16
394 -26
395 -36
402 -26
406 -19
408 -24
410 -30
419 -36
424 -30
431 -21
432 -28
437 -36
440 -33
442 0
15
16.97 11313.46 31896.75

77
0 0
4 -1
12 -1
18 -1
28 -9
38 -16
45 -26
47 -27
51 -17
54 -15
62 -23
71 -27
74 -36
77 -33
81 -43
89 -47
92 -57
99 -61
101 -55
103 -47
113 -37
122 -42
125 -33
128 -38
130 -45
139 -38
149 -39
159 -39
167 -45
177 -36
178 -43
185 -47
190 -37
191 -35
198 -29
205 -32
211 -32
215 -26
217 -29
219 -34
221 -31
227 -37
232 -35
235 -37
238 -45
245 -41
254 -40
258 -49
265 -57
269 -47
279 -40
281 -32
283 -23
286 -17
293 -21
295 -21
299 -17
305 -22
310 -30
320 -33
324 -26
332 -30
338 -23
339 -21
343 -17
348 -7
358 -8
363 -1
365 -3
367 -1
371 -1
380 -1
383 -8
390 -10
392 -3
402 -13
405 0
47
37.88 308343.02 261934.97

16
0 0
8 -5
13 -1
14 -1
18 -5
26 -3
30 -1
35 -1
41 -1
44 -3
49 -1
52 -8
61 -12
69 -8
72 -12
79 0
12
65.70 110.10 3053.88

70
0 0
6 -1
16 -10
21 -6
31 -9
40 -9
49 -13
50 -21
60 -14
68 -8
72 -6
81 -11
82 -9
85 -11
92 -16
101 -24
107 -21
110 -16
112 -10
117 -14
125 -6
130 -16
133 -17
141 -25
149 -25
153 -16
162 -24
168 -30
170 -35
173 -25
176 -22
181 -19
185 -14
192 -16
193 -10
198 -1
202 -9
210 -6
216 -2
221 -1
228 -1
233 -1
239 -1
245 -1
246 -1
254 -1
256 -1
265 -1
267 -1
272 -1
279 -5
281 -4
289 -13
299 -10
309 -1
311 -1
316 -11
320 -13
325 -10
334 -3
335 -6
339 -12
347 -11
354 -17
358 -13
359 -11
365 -2
375 -12
383 -11
384 0
28
36.91 13189.06 133843.03

94
0 0
2 -1
5 -8
6 -18
8 -10
9 -4
14 -2
18 -1
22 -1
30 -1
39 -1
43 -1
44 -6
48 -1
49 -1
50 -1
54 -2
64 -10
66 -4
76 -14
77 -11
78 -18
80 -19
90 -24
97 -15
104 -16
114 -24
119 -28
126 -36
132 -30
133 -25
139 -21
144 -31
146 -33
147 -31
155 -29
164 -37
172 -45
179 -44
186 -52
191 -60
196 -65
206 -55
210 -47
216 -52
220 -57
229 -54
237 -55
244 -50
253 -41
260 -37
261 -36
263 -44
271 -47
273 -53
283 -63
285 -55
288 -51
292 -59
301 -51
308 -56
309 -63
313 -54
315 -60
316 -55
317 -62
319 -72
320 -79
327 -70
333 -64
336 -60
345 -67
353 -74
355 -80
357 -72
361 -76
370 -69
380 -69
388 -62
391 -66
394 -72
403 -65
405 -63
410 -58
419 -63
421 -66
431 -73
434 -66
440 -59
441 -57
446 -47
455 -49
463 -53
471 0
57
92.91 414563.02 1180700.03

69
0 0
5 -5
6 -10
15 -4
21 -1
26 -1
29 -7
34 -6
44 -12
45 -17
51 -7
58 -3
63 -8
70 -13
72 -4
73 -1
80 -2
83 -5
84 -11
93 -20
103 -18
107 -11
117 -6
124 -5
132 -5
138 -1
148 -4
157 -1
159 -5
166 -9
173 -9
182 -17
185 -25
195 -17
198 -20
208 -23
213 -29
219 -31
222 -34
230 -29
238 -33
248 -38
255 -33
261 -35
262 -28
264 -23
267 -24
274 -30
283 -27
292 -17
302 -8
306 -3
314 -5
321 -9
330 -1
333 -1
338 -1
342 -1
343 -1
344 -1
351 -1
356 -2
358 -1
368 -6
376 -1
386 -1
396 -5
398 -6
404 0
56
74.25 99103.15 132676.79

86
0 0
3 -8
5 -9
15 -16
21 -17
30 -22
39 -18
46 -20
54 -19
61 -27
68 -26
69 -30
72 -22
74 -30
75 -24
79 -30
87 -40
95 -42
104 -46
110 -52
111 -54
119 -45
124 -54
133 -49
140 -40
147 -46
157 -46
162 -54
171 -50
178 -42
180 -39
185 -45
191 -54
193 -46
201 -56
211 -50
220 -51
227 -51
236 -54
240 -55
243 -65
251 -57
261 -48
270 -41
271 -37
279 -45
287 -36
295 -36
298 -35
308 -28
317 -32
320 -33
324 -41
328 -51
334 -60
339 -65
340 -61
348 -57
358 -59
364 -62
371 -61
379 -63
383 -61
386 -60
391 -58
396 -62
398 -62
406 -60
412 -66
416 -63
423 -60
433 -66
443 -74
449 -76
450 -82
456 -77
458 -77
464 -71
474 -70
478 -67
481 -59
488 -64
496 -72
504 -69
509 -72
517 0
59
42.89 1206067.83 1067713.59

34
0 0
10 -9
12 -6
14 -14
20 -11
23 -8
30 -16
35 -15
45 -14
47 -21
50 -15
56 -11
59 -11
63 -17
66 -14
67 -9
69 -7
78 -17
80 -14
87 -4
93 -2
101 -1
105 -1
113 -1
118 -9
121 -13
123 -5
129 -8
130 -5
136 -2
140 -7
150 -1
154 -9
156 0
5
97.13 54.25 950.88

55
0 0
3 -7
9 -17
15 -19
25 -16
31 -11
32 -21
38 -27
42 -31
46 -32
53 -31
56 -39
63 -42
65 -48
73 -41
76 -36
80 -38
85 -35
87 -43
90 -34
99 -25
105 -15
115 -24
123 -14
125 -11
126 -10
129 -13
132 -3
141 -10
148 -9
150 -12
156 -16
158 -16
159 -8
166 -5
174 -1
179 -10
180 -6
183 -4
189 -1
195 -3
203 -10
204 -20
212 -26
214 -24
220 -15
223 -24
227 -18
233 -14
239 -13
245 -12
253 -4
257 -6
259 -3
260 0
29
74.54 26088.91 82938.16

40
0 0
8 -1
10 -1
18 -4
19 -1
28 -5
36 -12
38 -11
42 -7
43 -1
48 -7
51 -8
54 -5
64 -3
68 -7
73 -11
74 -15
84 -7
92 -1
97 -1
104 -1
108 -1
116 -1
117 -1
123 -2
129 -12
134 -16
138 -6
143 -10
150 -17
158 -14
164 -9
173 -18
175 -22
183 -17
184 -26
186 -33
193 -26
200 -30
207 0
88
35.77 1673.23 41595.38

43
0 0
1 -1
10 -3
14 -3
18 -1
28 -2
35 -2
45 -1
52 -11
59 -11
67 -19
70 -21
77 -27
78 -28
83 -28
85 -31
91 -23
93 -16
97 -13
99 -7
108 -14
118 -19
123 -12
130 -21
137 -19
139 -17
148 -12
150 -14
151 -12
156 -12
157 -20
166 -11
167 -7
173 -1
176 -1
185 -1
187 -1
193 -8
198 -6
207 -11
217 -9
219 -1
220 0
9
50.46 13078.22 12172.88

30
0 0
9 -1
12 -9
20 -16
28 -14
33 -6
39 -1
48 -7
53 -1
62 -1
63 -1
73 -1
79 -9
82 -12
83 -20
89 -12
95 -22
105 -24
108 -33
117 -34
122 -28
125 -38
134 -41
141 -48
149 -38
159 -32
160 -30
170 -29
171 -28
175 0
33
42.89 100821.37 25964.99

29
0 0
6 -1
10 -2
13 -6
18 -6
26 -5
32 -8
38 -8
47 -9
50 -6
59 -1
62 -2
69 -1
71 -10
78 -17
88 -16
98 -24
101 -27
103 -28
104 -20
107 -14
117 -7
124 -8
128 -12
131 -19
136 -13
146 -23
150 -32
159 0
74
22.70 110279.35 117875.47

32
0 0
6 -2
13 -1
22 -1
23 -1
26 -7
30 -1
33 -1
42 -1
48 -1
58 -4
60 -4
65 -1
72 -5
78 -1
83 -1
85 -1
87 -4
92 -8
94 -3
101 -4
111 -10
116 -9
123 -18
132 -19
135 -25
144 -25
154 -34
160 -37
167 -44
174 -38
184 0
69
78.09 55155.84 102519.34

71
0 0
2 -7
9 -4
19 -9
28 -3
31 -9
32 -5
41 -1
42 -1
50 -1
59 -11
67 -1
68 -5
70 -10
75 -19
82 -10
90 -13
96 -18
101 -12
103 -14
109 -16
115 -21
124 -24
133 -14
143 -8
152 -4
162 -10
163 -1
166 -8
171 -15
180 -12
182 -17
184 -26
194 -16
200 -11
201 -12
209 -5
212 -9
214 -15
219 -15
222 -21
226 -18
235 -27
238 -36
240 -30
243 -28
244 -22
247 -22
255 -16
263 -24
267 -32
270 -30
280 -31
282 -36
291 -41
298 -39
307 -35
317 -33
321 -25
322 -17
329 -17
337 -20
344 -17
351 -21
359 -22
364 -23
374 -33
382 -36
386 -28
390 -23
396 0
88
88.79 276665.34 169957.10

3
0 0
7 -1
9 0
72
60.71 7.54 345.03

25
0 0
7 -1
15 -5
22 -12
31 -15
41 -25
50 -35
51 -34
54 -35
55 -44
59 -35
65 -26
70 -32
79 -28
82 -26
89 -19
99 -24
104 -27
109 -17
119 -10
124 -9
134 -2
136 -1
140 -1
146 0
51
3.50 25160.85 96329.74

92
0 0
2 -1
9 -1
14 -10
23 -3
27 -8
36 -11
39 -10
45 -1
49 -1
57 -11
67 -19
71 -21
78 -21
87 -18
92 -19
97 -22
106 -18
115 -20
116 -14
117 -19
119 -20
126 -10
129 -4
138 -14
145 -19
155 -10
158 -1
164 -3
166 -2
167 -3
177 -10
186 -11
190 -20
196 -28
199 -33
207 -32
216 -31
217 -40
227 -45
236 -54
238 -54
245 -50
248 -41
255 -49
257 -51
267 -52
271 -46
275 -38
280 -38
289 -28
290 -28
297 -34
304 -24
314 -31
317 -25
321 -16
325 -14
330 -8
340 -4
349 -6
352 -1
358 -1
360 -1
362 -1
364 -9
365 -9
368 -10
370 -16
377 -24
385 -14
395 -16
397 -7
401 -1
411 -1
421 -9
425 -14
434 -20
435 -24
439 -28
443 -23
445 -24
453 -30
463 -21
473 -31
475 -37
481 -33
490 -42
499 -49
507 -47
516 -57
522 0
44
84.45 331270.12 166642.70

24
0 0
10 -1
18 -1
26 -4
28 -11
38 -17
48 -24
57 -21
65 -12
66 -10
68 -1
72 -1
82 -1
89 -7
98 -17
102 -25
104 -30
107 -28
117 -38
119 -33
129 -32
137 -27
140 -34
144 0
35
73.17 63374.61 64213.24

31
0 0
8 -1
12 -1
21 -1
27 -1
28 -1
37 -10
39 -10
40 -17
44 -23
49 -25
58 -16
62 -17
72 -27
79 -19
80 -13
83 -22
93 -12
103 -3
107 -1
111 -1
121 -8
122 -9
129 -16
133 -20
134 -29
135 -23
140 -20
146 -19
156 -12
164 0
22
41.28 1786.39 43191.72

17
0 0
4 -2
9 -1
16 -6
20 -1
29 -8
36 -1
45 -1
49 -9
53 -8
61 -1
62 -1
71 -1
74 -11
78 -12
79 -15
85 0
28
92.87 7773.20 2622.81

3
0 0
10 -1
15 0
2
22.26 2.89 7.43

92
0 0
9 -9
16 -6
21 -16
30 -18
35 -19
43 -21
48 -15
58 -7
62 -16
65 -13
75 -11
77 -10
87 -8
89 -18
95 -19
97 -26
99 -34
100 -31
107 -38
108 -28
116 -27
123 -30
124 -40
127 -46
129 -42
132 -36
140 -32
141 -39
146 -29
152 -30
157 -21
158 -31
161 -38
170 -34
176 -37
182 -40
186 -41
191 -37
199 -43
208 -35
218 -29
221 -29
224 -25
232 -33
239 -39
244 -49
252 -58
257 -48
264 -51
269 -56
278 -64
281 -59
287 -64
294 -69
297 -75
298 -69
305 -71
314 -74
322 -75
328 -84
337 -87
340 -85
347 -79
354 -74
361 -70
364 -76
365 -76
369 -80
373 -73
383 -68
390 -78
394 -72
397 -66
404 -72
412 -66
422 -56
426 -60
431 -54
433 -57
435 -58
444 -63
451 -66
461 -69
467 -77
474 -80
476 -70
477 -65
479 -65
487 -74
490 -81
494 0
95
66.58 163794.94 1785988.35

32
0 0
5 -1
7 -1
15 -1
20 -1
22 -1
24 -6
30 -7
33 -1
37 -8
38 -5
40 -1
46 -1
52 -1
53 -11
60 -10
65 -14
75 -15
80 -19
82 -21
91 -17
98 -12
102 -17
109 -8
110 -1
111 -1
119 -4
129 -5
135 -1
139 -1
144 -1
151 0
52
77.03 8228.83 19285.95

41
0 0
4 -2
8 -4
10 -1
13 -1
14 -2
20 -1
29 -7
39 -7
48 -1
51 -1
60 -1
65 -7
69 -2
79 -6
88 -1
93 -9
97 -12
104 -21
107 -12
110 -3
117 -1
121 -2
123 -1
124 -1
130 -1
136 -1
146 -8
154 -17
156 -14
161 -9
170 -1
177 -1
180 -1
187 -6
192 -11
198 -4
207 -2
216 -4
217 -12
221 0
33
34.64 14343.83 10944.38

9
0 0
3 -1
4 -1
11 -1
14 -3
24 -1
31 -1
39 -1
43 0
17
73.63 708.36 243.08

61
0 0
6 -1
7 -1
12 -1
14 -1
17 -1
24 -1
32 -4
33 -9
34 -1
38 -1
45 -5
52 -3
62 -1
65 -3
66 -1
67 -1
74 -1
83 -3
84 -5
88 -12
89 -15
92 -19
95 -15
102 -20
111 -25
116 -25
117 -15
123 -6
130 -11
137 -19
147 -23
149 -31
155 -30
157 -40
165 -34
169 -30
179 -29
181 -37
189 -43
193 -33
194 -33
201 -40
208 -38
218 -30
223 -22
233 -21
242 -24
247 -29
248 -19
254 -17
260 -21
263 -25
269 -16
274 -14
275 -19
279 -14
289 -22
297 -28
299 -33
305 0
85
67.13 407457.56 492041.50

73
0 0
7 -1
12 -7
19 -17
22 -25
32 -34
39 -30
42 -27
49 -37
59 -36
65 -31
71 -36
79 -39
80 -43
84 -46
94 -53
103 -48
113 -54
116 -62
120 -66
127 -75
134 -65
143 -74
152 -79
155 -79
158 -73
166 -70
174 -72
176 -77
182 -69
192 -73
201 -77
202 -70
207 -74
208 -76
218 -67
227 -75
233 -85
237 -87
243 -84
247 -86
256 -91
264 -82
273 -91
276 -81
286 -88
289 -84
298 -85
303 -76
309 -78
310 -77
317 -83
319 -93
327 -90
329 -80
332 -73
337 -79
347 -85
349 -89
357 -99
364 -101
367 -92
369 -93
373 -101
375 -106
384 -116
386 -110
387 -113
391 -118
393 -125
395 -123
402 -125
411 0
15
89.60 121298.45 499629.98

94
0 0
2 -6
6 -1
12 -1
20 -5
25 -2
28 -3
36 -1
42 -5
49 -3
56 -1
62 -1
63 -1
68 -8
70 -7
75 -8
85 -11
95 -13
97 -14
99 -9
106 -8
113 -15
121 -19
126 -9
128 -13
132 -8
135 -16
140 -14
148 -15
156 -16
164 -21
170 -13
178 -6
187 -15
188 -17
189 -15
195 -11
196 -9
200 -1
202 -4
207 -14
212 -15
222 -15
224 -24
231 -31
233 -26
239 -31
241 -35
243 -43
246 -53
248 -61
252 -62
260 -53
270 -62
279 -66
286 -56
289 -48
298 -57
306 -60
314 -63
323 -69
330 -72
339 -77
341 -83
343 -92
351 -93
360 -99
368 -106
372 -98
378 -97
381 -96
384 -88
393 -89
398 -87
405 -94
406 -102
416 -101
422 -99
429 -106
435 -96
445 -96
446 -92
452 -101
454 -105
459 -102
461 -104
471 -113
478 -106
485 -101
493 -111
498 -120
503 -117
512 -118
516 0
57
52.44 350637.48 538779.91

72
0 0
8 -4
12 -4
17 -12
18 -11
25 -15
32 -22
38 -20
48 -26
58 -16
61 -17
63 -22
65 -19
68 -27
77 -27
86 -22
95 -22
100 -29
104 -33
112 -23
118 -14
122 -17
128 -7
131 -16
139 -21
147 -21
153 -29
162 -33
170 -23
176 -26
183 -19
186 -20
195 -19
201 -9
208 -4
216 -2
223 -1
225 -1
229 -1
236 -1
238 -1
243 -2
249 -10
259 -9
263 -15
265 -13
274 -12
281 -14
291 -9
294 -1
295 -4
296 -8
298 -7
305 -1
312 -1
319 -7
328 -8
334 -14
344 -12
352 -22
362 -17
370 -14
373 -11
380 -11
384 -13
385 -19
392 -27
394 -34
398 -34
407 -29
415 -19
422 0
70
92.07 349312.44 467104.52

79
0 0
1 -1
2 -1
11 -1
17 -10
18 -3
27 -9
35 -15
36 -10
38 -1
47 -6
53 -16
54 -11
64 -1
67 -1
74 -11
79 -4
86 -10
88 -10
90 -7
93 -12
97 -22
103 -28
113 -33
122 -27
126 -32
128 -37
137 -32
146 -29
148 -30
150 -25
152 -32
155 -27
158 -37
161 -36
166 -32
168 -37
172 -35
180 -40
188 -45
198 -43
201 -38
204 -36
214 -43
223 -47
231 -54
234 -60
236 -64
237 -60
240 -68
241 -77
245 -70
252 -64
261 -58
271 -51
277 -61
282 -57
291 -53
293 -48
301 -44
307 -42
314 -32
320 -23
323 -33
328 -32
334 -38
342 -39
351 -44
358 -35
363 -34
364 -35
372 -43
381 -35
382 -36
389 -35
392 -38
393 -31
396 -32
405 0
32
8.38 143264.13 242286.58

70
0 0
6 -1
14 -9
15 -16
22 -9
26 -2
31 -1
39 -3
49 -2
53 -10
63 -14
73 -5
79 -5
82 -14
89 -23
95 -13
97 -20
99 -19
109 -17
114 -21
122 -13
126 -8
134 -4
143 -3
152 -13
155 -13
163 -11
168 -14
169 -11
176 -3
184 -2
186 -1
190 -1
192 -3
196 -9
205 -18
213 -25
222 -30
230 -30
233 -30
240 -36
243 -35
250 -37
251 -43
259 -35
266 -33
269 -29
279 -21
289 -15
298 -6
302 -4
307 -4
315 -6
324 -13
333 -10
339 -1
344 -6
349 -9
352 -4
362 -4
368 -9
370 -1
377 -2
379 -1
384 -6
394 -2
404 -1
409 -2
413 -3
416 0
69
23.08 109465.52 127862.74

55
0 0
8 -1
9 -9
10 -9
18 -5
24 -11
32 -14
36 -21
44 -29
54 -37
60 -47
61 -44
71 -39
80 -47
81 -47
85 -54
95 -54
105 -63
110 -62
116 -65
124 -62
131 -63
133 -55
135 -45
141 -43
143 -49
147 -50
152 -57
155 -56
160 -50
170 -55
174 -58
184 -67
189 -67
192 -58
194 -67
199 -69
209 -78
211 -69
212 -65
220 -68
229 -74
230 -71
234 -74
241 -81
242 -90
249 -94
258 -88
267 -89
275 -90
278 -91
284 -89
289 -79
296 -79
300 0
47
75.55 54584.46 346327.42

12
0 0
6 -6
14 -16
15 -20
25 -10
31 -1
37 -3
39 -11
41 -13
45 -8
48 -17
51 0
53
76.08 14328.11 6659.40

36
0 0
8 -1
11 -11
17 -18
18 -19
20 -15
22 -10
23 -7
32 -1
39 -3
47 -1
53 -1
55 -1
64 -1
69 -1
71 -1
78 -6
86 -7
87 -1
95 -1
101 -10
104 -1
106 -1
113 -1
114 -6
123 -2
128 -4
137 -1
140 -2
145 -4
146 -8
156 -18
164 -12
166 -2
176 -1
186 0
70
8.76 30273.98 25019.32

55
0 0
7 -1
11 -1
19 -7
28 -15
33 -12
37 -10
44 -6
50 -11
54 -3
61 -1
65 -6
72 -5
80 -14
89 -19
99 -15
106 -24
110 -29
114 -22
115 -32
118 -39
123 -40
131 -30
137 -21
140 -31
143 -40
151 -43
153 -44
155 -43
160 -34
168 -28
176 -35
178 -26
182 -31
186 -28
193 -32
203 -28
209 -23
217 -25
218 -23
221 -15
223 -7
224 -2
232 -1
234 -1
241 -1
247 -7
252 -15
258 -5
264 -5
265 -1
270 -10
275 -10
281 -16
288 0
46
96.18 54597.10 271235.64

71
0 0
4 -7
9 -2
19 -1
26 -9
35 -14
43 -14
51 -10
59 -5
62 -1
65 -11
68 -20
78 -17
86 -10
93 -6
98 -16
101 -26
109 -35
114 -25
120 -16
126 -18
132 -15
137 -18
147 -16
156 -25
164 -23
174 -23
178 -18
184 -25
188 -32
194 -29
204 -34
209 -41
217 -47
226 -54
233 -49
240 -44
246 -51
256 -51
263 -61
264 -63
274 -62
280 -58
281 -60
284 -70
289 -63
298 -73
305 -77
312 -73
318 -70
327 -74
333 -81
343 -83
353 -92
362 -85
367 -75
377 -74
378 -69
385 -78
388 -74
397 -69
407 -71
412 -81
413 -90
420 -88
423 -89
425 -79
428 -76
437 -81
445 -81
450 0
95
55.98 1598003.90 392299.35

42
0 0
8 -1
10 -1
16 -1
22 -1
27 -1
29 -1
36 -1
39 -1
48 -1
55 -1
58 -1
65 -1
73 -9
81 -11
89 -17
95 -17
101 -9
108 -6
110 -9
115 -16
125 -18
132 -21
141 -27
148 -30
149 -22
156 -25
163 -34
170 -25
174 -23
175 -16
184 -23
188 -22
197 -22
204 -19
210 -28
217 -27
223 -29
225 -21
227 -23
232 -13
242 0
66
23.05 223750.45 242362.59

72
0 0
9 -1
11 -1
14 -1
24 -3
25 -11
26 -3
36 -1
46 -8
52 -3
58 -2
64 -11
66 -7
70 -6
73 -13
75 -22
79 -28
88 -20
97 -11
104 -3
109 -2
111 -8
119 -16
128 -17
133 -10
141 -17
143 -16
147 -9
148 -12
151 -12
159 -10
162 -20
165 -13
175 -22
185 -16
191 -15
198 -20
204 -14
212 -6
221 -3
225 -1
228 -1
234 -9
241 -9
250 -17
251 -13
256 -17
263 -9
270 -17
277 -18
280 -12
282 -10
289 -4
294 -4
301 -13
303 -14
312 -12
317 -11
327 -13
336 -19
339 -16
349 -18
357 -28
367 -34
368 -31
373 -38
376 -30
383 -23
386 -22
392 -21
402 -30
404 0
19
97.74 50202.61 34305.09

90
0 0
3 -3
5 -1
6 -1
11 -10
13 -9
14 -19
24 -18
33 -25
39 -27
49 -33
57 -34
60 -36
67 -32
71 -31
81 -26
91 -30
97 -34
106 -44
116 -51
121 -56
126 -57
132 -54
133 -60
137 -70
142 -78
146 -84
153 -75
162 -80
164 -84
170 -74
179 -77
185 -67
188 -58
192 -58
202 -57
208 -61
218 -61
222 -66
223 -72
228 -66
238 -74
248 -66
256 -57
257 -66
267 -73
275 -65
276 -74
280 -76
287 -76
291 -79
292 -81
296 -87
303 -86
312 -84
313 -86
320 -82
328 -77
331 -74
340 -76
349 -68
358 -70
361 -77
365 -73
372 -78
378 -77
387 -70
388 -70
398 -70
405 -71
407 -74
409 -76
413 -80
419 -77
423 -67
426 -62
432 -65
436 -60
437 -54
444 -54
447 -51
455 -46
461 -39
464 -41
473 -40
476 -37
481 -39
489 -36
491 -32
495 0
11
50.21 280330.70 151169.96

27
0 0
9 -2
19 -1
28 -1
31 -8
33 -8
40 -1
44 -1
48 -6
55 -12
56 -4
61 -1
62 -6
71 -3
79 -1
88 -1
92 -1
96 -1
102 -11
107 -18
111 -21
117 -24
120 -20
123 -12
128 -8
133 -8
139 0
57
8.49 23998.65 50323.79

31
0 0
7 -1
16 -1
20 -1
30 -4
39 -1
47 -6
57 -1
64 -6
66 -1
67 -7
70 -15
73 -9
75 -1
85 -1
91 -1
97 -8
107 -8
108 -13
110 -13
120 -6
129 -10
133 -1
138 -1
145 -4
148 -1
155 -11
158 -20
164 -13
171 -20
173 0
65
32.07 29179.56 15828.77

57
0 0
4 -2
10 -2
19 -7
23 -5
27 -13
29 -10
33 -16
43 -21
53 -28
57 -23
58 -28
59 -32
63 -26
65 -30
73 -24
80 -18
85 -23
94 -31
100 -40
101 -38
111 -48
114 -44
124 -45
134 -53
142 -59
151 -57
158 -54
160 -61
163 -63
164 -58
167 -68
168 -72
169 -67
170 -70
178 -61
180 -70
187 -70
197 -73
199 -78
204 -72
206 -73
208 -66
213 -67
220 -62
223 -60
232 -54
237 -49
238 -57
242 -62
251 -62
260 -63
270 -69
278 -69
284 -60
292 -51
301 0
23
62.47 200801.98 49925.95

56
0 0
9 -6
18 -1
25 -6
30 -10
33 -6
35 -5
38 -5
42 -1
51 -11
58 -17
68 -21
73 -22
82 -24
86 -30
96 -36
102 -40
104 -31
112 -31
119 -27
126 -26
135 -27
143 -31
151 -34
152 -28
158 -22
167 -31
169 -27
171 -28
181 -30
188 -36
197 -32
200 -22
204 -30
214 -40
223 -41
230 -43
232 -34
238 -41
239 -35
240 -34
250 -33
260 -33
263 -30
268 -21
277 -11
279 -12
284 -2
285 -1
294 -8
299 -9
305 -19
308 -15
317 -12
327 -11
328 0
21
22.13 120170.08 125096.98

3
0 0
5 -1
15 0
74
49.64 335.32 336.54

61
0 0
7 -1
12 -8
18 -3
23 -11
33 -15
41 -23
44 -14
46 -17
56 -20
62 -25
72 -25
74 -29
80 -27
82 -34
85 -43
92 -43
96 -34
105 -29
106 -36
109 -39
118 -37
121 -45
122 -54
127 -62
136 -57
137 -49
141 -41
145 -31
151 -38
152 -34
162 -37
171 -38
173 -35
178 -43
185 -33
190 -32
198 -31
201 -39
203 -39
208 -45
217 -54
219 -57
223 -66
226 -75
235 -65
242 -59
248 -64
253 -68
263 -62
273 -61
275 -62
285 -57
286 -51
292 -45
298 -45
304 -36
311 -27
316 -26
326 -19
332 0
20
32.40 189461.88 68080.22

76
0 0
5 -5
12 -1
22 -1
29 -3
33 -3
36 -1
46 -4
54 -7
55 -7
64 -3
70 -4
80 -14
87 -20
90 -25
93 -26
97 -30
107 -23
111 -22
119 -22
124 -22
133 -16
140 -13
146 -7
155 -1
164 -1
172 -11
178 -8
182 -17
188 -11
193 -5
201 -1
208 -1
211 -1
217 -10
218 -12
227 -7
232 -4
237 -1
245 -1
252 -1
262 -1
269 -1
271 -1
277 -1
286 -1
293 -1
300 -1
306 -1
310 -5
314 -6
317 -16
326 -10
327 -14
337 -10
342 -11
345 -6
349 -12
355 -22
364 -15
368 -21
377 -24
379 -18
382 -17
392 -20
393 -29
399 -20
404 -22
414 -17
422 -10
431 -11
432 -12
434 -22
443 -32
448 -36
451 0
34
71.88 22715.61 161673.08

63
0 0
3 -1
8 -7
16 -9
17 -2
23 -8
27 -2
28 -3
32 -1
40 -5
48 -1
50 -3
55 -11
58 -6
63 -6
69 -13
76 -18
83 -20
85 -17
91 -14
95 -24
97 -18
98 -23
99 -20
102 -29
105 -33
112 -33
122 -36
132 -43
135 -47
138 -57
140 -50
141 -50
148 -48
154 -56
161 -55
171 -54
173 -55
183 -55
186 -59
192 -59
194 -49
201 -46
208 -43
216 -46
225 -54
235 -61
237 -70
240 -73
241 -68
248 -77
258 -72
265 -70
266 -65
268 -71
272 -62
274 -53
282 -44
286 -36
291 -29
296 -37
297 -41
301 0
17
11.72 160150.72 160357.06

99
0 0
1 -9
8 -10
17 -1
21 -1
29 -1
30 -1
32 -5
33 -1
42 -1
44 -5
46 -1
52 -1
53 -1
60 -1
63 -1
72 -1
75 -1
83 -1
92 -1
100 -1
101 -7
109 -12
115 -22
123 -13
128 -17
131 -13
139 -7
141 -12
142 -20
146 -21
153 -31
156 -32
162 -23
170 -33
171 -28
172 -28
179 -34
186 -40
193 -49
200 -50
203 -56
206 -64
212 -63
220 -57
228 -50
238 -55
242 -46
249 -50
253 -46
258 -51
262 -47
272 -42
273 -48
275 -55
285 -63
287 -54
292 -49
301 -45
306 -52
310 -46
316 -46
318 -49
321 -49
330 -49
335 -54
342 -60
344 -66
350 -71
351 -74
358 -82
364 -91
369 -95
374 -92
384 -89
388 -89
397 -82
402 -87
412 -77
416 -82
419 -78
420 -76
430 -71
440 -77
450 -86
453 -94
462 -85
466 -77
468 -84
477 -94
482 -92
491 -82
498 -88
499 -90
506 -89
507 -86
517 -92
524 -92
528 0
37
14.87 875456.25 1055509.83

88
0 0
1 -1
11 -1
21 -1
25 -4
33 -2
40 -1
41 -1
50 -7
53 -9
59 -5
62 -13
63 -3
68 -7
77 -6
83 -11
88 -10
93 -5
99 -3
107 -4
116 -4
124 -7
127 -15
129 -7
137 -8
142 -4
149 -4
157 -1
158 -2
168 -5
176 -1
186 -5
194 -1
200 -1
210 -6
213 -1
214 -10
216 -13
217 -4
222 -1
223 -7
233 -6
238 -1
247 -1
251 -6
259 -1
263 -5
273 -1
279 -11
282 -6
284 -8
293 -18
295 -14
303 -16
309 -21
315 -20
321 -17
324 -12
325 -16
333 -26
338 -33
348 -43
358 -45
367 -48
373 -51
374 -51
379 -60
380 -67
387 -76
392 -81
400 -82
405 -88
412 -84
417 -75
418 -71
421 -73
425 -73
427 -82
433 -76
443 -67
450 -75
451 -68
457 -65
465 -61
471 -63
472 -56
480 -57
483 0
38
22.29 58311.57 319501.16

49
0 0
4 -10
13 -19
14 -19
24 -28
29 -29
39 -35
44 -28
47 -25
49 -22
51 -21
59 -28
61 -26
62 -19
67 -25
71 -28
77 -31
78 -33
80 -29
85 -20
95 -29
101 -22
103 -14
107 -15
115 -18
120 -20
129 -19
138 -26
144 -19
150 -28
159 -31
162 -24
164 -32
170 -28
174 -31
183 -29
189 -21
193 -23
195 -16
200 -16
204 -9
206 -8
208 -3
209 -1
219 -1
226 -3
230 -1
236 -1
242 0
77
53.11 208325.92 391185.60

5
0 0
7 -3
9 -3
11 -1
16 0
18
3.68 189.09 214.33

51
0 0
3 -1
12 -1
20 -1
30 -1
34 -1
37 -10
46 -4
55 -1
63 -11
68 -6
69 -5
74 -1
82 -1
87 -8
91 -4
97 -1
107 -1
111 -4
120 -1
122 -2
128 -4
132 -1
135 -4
137 -8
145 -11
154 -14
155 -18
160 -28
164 -21
166 -25
169 -30
171 -33
177 -30
185 -31
190 -38
197 -32
203 -31
208 -23
216 -29
225 -24
233 -19
243 -16
245 -15
247 -7
250 -15
260 -19
268 -26
276 -34
285 -28
294 0
52
38.15 188976.08 169686.68

93
0 0
1 -1
11 -1
16 -10
22 -6
28 -1
38 -4
47 -13
57 -9
65 -13
69 -15
74 -6
82 -1
83 -1
92 -1
102 -1
107 -1
108 -1
112 -5
114 -3
116 -13
122 -18
123 -27
128 -33
137 -43
146 -49
147 -44
154 -52
159 -57
163 -50
168 -43
169 -48
179 -42
184 -33
190 -37
191 -41
196 -32
199 -30
200 -34
205 -36
213 -26
223 -19
231 -11
232 -8
238 -4
247 -5
256 -11
261 -16
269 -21
273 -17
277 -21
286 -24
291 -30
301 -22
307 -26
314 -21
316 -20
321 -15
330 -22
337 -19
345 -27
346 -24
356 -32
362 -22
372 -15
373 -25
378 -28
380 -31
384 -29
387 -25
396 -19
400 -13
402 -11
403 -8
405 -8
409 -9
411 -1
416 -1
424 -8
429 -1
431 -1
440 -10
444 -10
451 -9
460 -1
463 -1
468 -5
472 -1
475 -8
484 -15
485 -8
486 -6
491 0
48
46.20 113051.97 505288.84

11
0 0
3 -1
12 -1
19 -1
29 -1
31 -7
41 -1
51 -4
53 -11
63 -10
71 0
30
76.48 6903.84 3636.97

83
0 0
1 -9
6 -2
15 -11
16 -1
24 -4
33 -14
38 -10
40 -19
44 -18
52 -12
55 -2
58 -1
62 -1
70 -9
77 -4
85 -6
90 -10
96 -16
98 -23
102 -26
107 -26
109 -34
117 -32
127 -31
130 -24
137 -19
139 -10
142 -1
145 -1
151 -9
160 -3
165 -11
175 -9
182 -18
192 -23
196 -25
205 -17
208 -16
211 -16
219 -9
223 -13
232 -14
238 -6
243 -13
249 -4
257 -14
266 -13
271 -22
280 -24
285 -16
290 -13
293 -14
296 -14
299 -9
302 -3
304 -1
311 -1
320 -5
322 -11
327 -14
331 -20
337 -20
342 -29
348 -30
351 -31
357 -28
359 -34
362 -44
365 -53
366 -56
373 -49
383 -40
385 -31
391 -36
401 -33
406 -35
416 -32
425 -35
427 -34
432 -36
442 -38
443 0
65
1.32 310015.27 366839.79
