99999999999999
99999999999998
99999999999997
99999999999996
99999999999995
99999999999994
99999999999993
99999999999992
99999999999991
99999999999990
99999999999989
99999999999988
99999999999987
99999999999986
99999999999985
99999999999984
99999999999983
99999999999982
99999999999981
99999999999980
99999999999979
99999999999978
99999999999977
99999999999976
99999999999975
99999999999974
99999999999973
99999999999972
99999999999971
99999999999970
99999999999969
99999999999968
99999999999967
99999999999966
99999999999965
99999999999964
99999999999963
99999999999962
99999999999961
99999999999960
99999999999959
99999999999958
99999999999957
99999999999956
99999999999955
99999999999954
99999999999953
99999999999952
99999999999951
99999999999950
99999999999949
99999999999948
99999999999947
99999999999946
99999999999945
99999999999944
99999999999943
99999999999942
99999999999941
99999999999940
99999999999939
99999999999938
99999999999937
99999999999936
99999999999935
99999999999934
99999999999933
99999999999932
99999999999931
99999999999930
99999999999929
99999999999928
99999999999927
99999999999926
99999999999925
99999999999924
99999999999923
99999999999922
99999999999921
99999999999920
99999999999919
99999999999918
99999999999917
99999999999916
99999999999915
99999999999914
99999999999913
99999999999912
99999999999911
99999999999910
99999999999909
99999999999908
99999999999907
99999999999906
99999999999905
99999999999904
99999999999903
99999999999902
99999999999901
99999999999900
0
