992 18380
497 68016
448 216
111 386
850 95740
231 11482
235 14305
537 45587
574 12828
34 258
411 39461
538 17480
738 86282
680 65656
329 7394
732 93437
481 23831
803 13088
545 38765
321 10153
801 97460
559 55580
996 75522
88 1316
16 33
727 81966
232 14645
509 33650
684 89500
45 342
563 92121
418 10979
519 19297
433 49279
380 28618
668 89510
929 57563
899 56871
196 4875
915 38607
960 477
735 19257
145 4893
552 26715
744 74753
636 49408
491 35875
918 73828
988 4748
642 63390
367 7239
556 64552
595 78813
557 8264
205 8159
900 79230
300 1251
726 38295
378 38641
400 4736
598 36078
136 2993
638 42400
78 89
336 27987
241 9444
670 92103
915 39432
944 97620
41 362
280 5636
800 16632
154 3988
593 78404
856 76435
809 22822
537 5576
221 14786
290 17106
395 46052
752 14294
863 10451
142 2277
579 59227
985 96202
261 11602
639 82701
85 210
418 38657
153 3619
422 731
176 5645
813 62704
320 6115
990 24935
991 86496
892 82311
826 13462
775 2149
103 1192

