100
187 84
36 18
16 134
73 67
2 70
8 163
180 171
27 184
187 21
177 113
9 132
210 28
51 203
44 23
176 48
63 110
59 143
208 30
97 74
143 212
154 30
200 82
198 45
65 159
51 96
7 174
201 212
194 217
171 183
162 17
126 126
48 5
186 117
190 187
178 214
176 45
126 43
88 155
25 35
131 84
189 8
219 137
65 169
132 124
140 15
141 73
9 197
93 120
87 127
120 215
191 196
19 75
162 28
63 38
53 118
57 193
41 22
122 207
110 106
120 185
190 181
158 192
92 198
36 182
108 110
17 88
94 78
106 187
4 187
85 100
72 209
10 73
60 44
149 131
96 169
130 201
104 217
126 219
112 127
16 162
29 220
9 185
151 122
21 114
145 155
75 105
177 148
192 84
146 168
117 120
32 173
169 178
108 136
42 75
16 219
218 210
174 196
29 159
52 104
190 49
400
127 144
356 298
496 314
173 507
502 210
108 3
460 131
327 364
427 101
337 453
9 372
30 368
331 303
4 263
96 388
403 10
179 223
408 110
97 154
363 452
454 470
80 342
58 265
365 279
211 356
207 54
421 92
394 237
371 103
362 397
406 466
168 245
226 457
90 447
378 194
16 325
146 183
448 95
245 75
431 164
89 328
419 117
225 509
92 164
40 75
21 453
49 317
253 60
507 147
340 215
411 236
419 355
322 428
503 218
253 438
117 413
401 342
202 407
50 106
180 165
490 481
278 72
132 18
36 402
488 510
97 248
474 378
286 387
84 147
65 140
32 209
30 53
460 304
409 231
396 509
470 461
404 237
126 99
372 407
396 162
409 340
69 365
231 362
381 354
365 315
395 445
497 268
52 424
6 308
297 460
272 273
509 118
88 156
42 115
276 459
278 310
154 36
269 219
52 384
50 129
445 417
164 444
219 294
81 87
419 225
369 249
238 170
197 358
344 325
264 111
420 491
6 413
111 445
180 146
147 35
323 230
25 463
108 358
445 116
212 189
309 343
384 60
289 27
223 61
171 112
82 486
251 462
386 479
497 361
267 45
146 123
457 69
299 43
158 45
105 223
437 241
300 413
311 300
232 69
52 14
371 402
215 134
484 101
462 80
517 460
454 80
149 14
56 391
307 447
21 85
325 411
303 457
108 497
437 486
499 340
93 488
493 349
450 180
131 457
268 263
342 127
13 74
336 362
160 460
25 122
12 180
508 221
69 186
151 488
179 505
345 1
350 143
322 317
125 151
413 453
451 393
466 106
340 463
403 281
274 499
31 299
391 285
342 410
377 460
316 493
365 35
50 140
457 194
216 371
303 61
325 500
86 234
48 142
294 425
275 322
100 47
203 305
67 363
302 25
389 443
350 489
109 233
299 399
249 437
369 514
494 424
9 174
315 451
227 448
250 89
7 501
158 349
191 210
234 224
18 364
333 494
206 367
117 313
229 376
370 238
141 77
122 215
145 21
468 309
269 371
223 197
418 275
484 380
83 480
324 69
42 101
339 8
192 120
495 456
173 420
368 216
430 185
205 490
150 446
296 24
221 418
172 519
250 510
469 8
76 333
305 144
151 510
501 123
450 342
113 347
43 102
158 481
322 344
270 362
386 471
368 437
435 478
467 411
418 165
369 415
39 366
227 153
147 61
275 207
33 77
50 259
91 467
291 208
441 412
234 432
348 178
7 473
236 135
171 473
240 133
370 411
435 150
82 76
154 61
9 228
487 59
5 451
138 57
341 167
78 450
500 446
399 298
304 506
459 114
118 474
364 50
199 488
435 278
210 152
380 461
519 219
149 346
274 395
42 158
479 94
20 511
160 458
444 290
275 463
288 254
303 392
231 3
152 373
396 18
478 362
452 255
472 348
222 472
501 98
191 135
126 459
397 82
243 157
100 192
445 517
261 259
262 99
343 491
380 413
126 218
345 337
164 57
400 168
265 258
392 380
191 328
281 517
26 459
130 4
392 125
255 446
416 132
495 516
409 110
199 354
43 406
463 23
191 78
335 214
74 327
134 207
75 264
74 415
418 100
96 203
520 289
293 351
218 415
396 267
492 498
384 74
489 14
92 326
19 31
357 298
376 484
99 491
385 451
422 172
246 154
314 390
92 245
11 86
224 309
287 406
480 196
81 150
347 448
478 44
342 237
201 186
156 197
519 171
343 412
437 293
162 460
185 231
188 253
41 195
473 284
351 199
348 304
231 431
475 174
283 60
245 168
236 483
5 273
164 235
7 219
159 81
183 40
164 343
409 242
5 204
0