3 0.00000
36 12891.99556
5 6243.06935
21 8614.60926
50 28873.25027
41 25866.31145
30 23798.78861
41 23526.91915
46 18778.19780
30 4622.92675
32 17216.17204
50 11045.05054
19 25122.73955
17 9127.12405
28 13535.02984
35 13110.80501
5 24326.06401
47 23174.81827
28 11685.08590
13 27581.83885
37 17681.37519
7 553.28013
25 16692.57944
28 22480.81059
48 13379.02645
25 12539.92958
40 16103.77571
35 12372.73024
43 2313.71615
12 16562.35437
46 25752.52776
11 2782.78477
15 7676.37250
16 1616.18032
46 29854.69367
48 2185.88287
32 20277.84430
22 22083.72113
27 7878.27916
21 13147.05862
38 9875.46079
48 24982.85371
34 4417.53400
13 17233.17737
23 27348.16809
37 2847.85736
5 2176.55471
29 19734.41332
38 20961.93896
17 10178.22804
31 11461.41629
20 16223.86020
33 1213.57992
38 9624.54588
18 11410.36931
19 12055.68810
4 26494.66047
18 22902.68405
45 24967.24477
49 5355.46632
50 4368.21933
31 7731.77789
21 20674.50772
32 140.92570
39 13067.38614
47 6112.76407
15 876.13963
37 25251.18582
24 22647.21659
39 15269.22722
43 19087.22027
40 26078.55007
4 9158.41372
18 12553.66951
20 18391.64001
33 23660.00193
11 20151.12181
5 12810.00388
43 1015.06010
17 26693.79698
50 28613.48283
24 22545.51793
12 8115.13942
7 7874.24539
44 11171.43308
34 11331.34771
45 29799.78096
3 6170.56404
43 15810.15212
28 12038.26032
44 1689.10842
20 17936.36944
20 12533.99590
38 2861.49045
33 15963.22265
46 9420.11290
10 21421.75168
7 8700.25259
34 26429.17510
9 5326.54283
2 0.0
