100
-129	805	-270	767	-714	300	-827	-16
-38	590	99	-863	602	870	610	-254
98	-604	192	-289	257	271	-942	531
-975	-282	655	460	436	-963	480	689
79	-235	478	216	-983	-828	-624	301
-306	782	254	-324	-631	154	-595	416
-686	-777	819	-985	632	308	508	521
-906	-980	733	372	-112	358	-511	572
-57	-470	-600	-404	65	-81	-514	-65
364	-950	337	378	-301	-343	665	460
197	-554	774	198	-594	-390	-425	1000
-21	894	-383	246	311	-683	270	-235
-98	-348	454	3	-801	65	486	89
938	-861	93	197	-815	464	367	793
-746	495	-111	-937	539	-214	832	58
-523	982	-886	-844	173	2	858	-67
-49	-830	435	-341	-74	726	695	-33
27	951	-446	-466	-285	631	-992	-588
399	899	100	736	-667	-549	265	751
692	311	335	214	183	-906	-497	135
971	378	791	-633	-477	-366	593	-111
355	-568	-369	761	710	957	543	190
626	937	406	-871	-716	-543	-306	63
86	-711	991	159	716	616	-869	-203
5	-191	-233	-94	-891	838	677	-1
452	493	-724	151	850	-718	-633	115
-66	362	197	-565	567	386	419	-236
-600	-914	-889	-250	863	164	782	-744
892	204	-172	518	-183	791	-284	-435
451	996	271	716	233	-385	-712	-372
-319	405	-759	-654	-200	987	-653	89
-410	94	238	758	-292	-506	668	734
988	876	-409	523	-289	875	-854	996
894	-888	291	355	-468	935	955	500
196	929	851	431	-846	942	75	654
-187	639	827	-64	902	262	-270	-362
475	681	-715	-411	771	-631	71	882
81	62	-228	135	-320	-362	-767	833
-125	151	-599	490	-965	-406	747	-662
21	351	811	-876	-745	-805	584	-63
-202	-266	-737	539	-38	-748	-478	-763
-253	-503	720	934	958	-433	773	212
959	339	-539	-744	337	629	-413	-758
642	501	-880	74	-568	-330	-590	612
-132	713	-769	967	634	-430	-740	160
903	-954	717	880	-728	-470	-483	978
-821	-904	510	102	-364	690	-3	-473
888	-611	699	-884	-721	868	782	-947
-615	159	-917	-570	810	-9	-121	304
-440	-946	-243	336	20	764	130	-160
403	-511	244	640	-994	47	-309	-884
-291	137	173	-110	627	-444	-15	-427
-274	-437	821	470	-91	-389	445	-121
-501	788	-72	610	551	982	-517	-121
699	-3	296	229	444	-35	-626	-529
697	-810	45	-66	646	804	398	149
527	-18	150	-760	742	-27	-743	936
402	-861	30	-811	301	950	713	-625
466	-12	-357	957	660	-124	210	427
178	-965	-731	-616	-782	931	465	259
-403	-528	-860	-950	-845	777	547	-596
-26	742	512	804	-322	811	209	767
-32	756	-791	237	-912	-967	185	209
319	914	836	-272	135	-486	74	307
48	429	141	711	-361	-24	588	-163
359	-786	667	805	-455	41	-862	-573
-238	-996	98	-483	666	-444	-80	-31
-796	-906	837	-591	759	944	444	358
69	963	385	-611	938	64	478	-84
-262	597	-881	979	-198	213	-580	625
953	-150	57	680	840	347	290	-127
-95	-232	52	478	419	117	783	842
-797	-194	380	-106	309	74	263	-416
264	272	978	541	645	-103	75	-629
-98	-75	-232	941	166	350	-35	-801
-581	496	206	-176	724	568	382	328
824	-168	203	93	-78	-651	333	525
257	56	5	37	151	87	-775	-361
990	301	313	174	-934	-500	808	-1
-925	-38	813	-228	324	-741	711	-342
377	727	748	348	450	148	-935	69
-525	-794	-682	138	-579	475	878	-393
13	540	701	898	658	357	-925	-696
133	74	-580	-853	714	-788	-527	45
-20	560	-96	-434	667	-753	-15	-310
-879	-532	58	-449	164	-129	-675	358
320	673	-63	-579	738	422	-879	-238
71	68	-125	-588	529	-658	532	-662
-281	361	39	332	648	240	-115	-330
598	-233	793	-169	-356	630	-832	240
-244	-718	947	282	324	673	727	806
412	606	-884	-393	905	-686	-909	-589
-662	-234	-897	14	-42	-716	238	-568
171	42	843	-120	-31	145	633	-412
-798	-464	-583	63	652	461	705	-426
535	-256	107	77	735	-147	-293	-428
195	30	170	198	-51	-547	-834	-441
551	456	-795	928	480	-327	599	56
-259	-964	-757	-33	-516	-741	59	6
-92	-221	560	763	-113	316	-23	-786
