100

21 20 11
2, 5, 14, 19, 20, 13, 10, 14, 13, 2, 12, 10, 10, 6, 17, 2, 13, 13, 18, 2, 16

97 7 23
1, 6, 6, 5, 6, 7, 1, 2, 2, 4, 2, 5, 5, 3, 7, 4, 1, 4, 3, 4, 5, 1, 3, 4, 1, 2, 2, 7, 1, 3, 1, 4, 2, 3, 5, 4, 6, 2, 6, 2, 5, 6, 4, 3, 3, 4, 7, 6, 6, 1, 4, 1, 6, 4, 1, 6, 2, 7, 3, 2, 4, 4, 4, 4, 5, 2, 2, 4, 6, 5, 7, 4, 5, 7, 5, 3, 1, 7, 6, 1, 1, 1, 4, 4, 2, 7, 1, 2, 1, 4, 7, 3, 4, 4, 4, 6, 1

30 8 13
5, 2, 4, 7, 4, 8, 1, 1, 5, 7, 2, 3, 4, 2, 3, 3, 5, 4, 2, 1, 7, 3, 5, 6, 6, 6, 1, 8, 8, 6

66 10 26
8, 2, 9, 3, 7, 8, 1, 7, 1, 10, 1, 1, 3, 10, 2, 1, 8, 1, 7, 4, 8, 4, 4, 4, 4, 8, 5, 2, 5, 8, 4, 4, 5, 1, 3, 8, 7, 5, 3, 8, 6, 1, 2, 9, 6, 9, 9, 8, 5, 5, 9, 2, 4, 7, 7, 4, 9, 4, 8, 2, 4, 7, 4, 9, 8, 2

44 15 6
15, 12, 9, 3, 12, 11, 15, 15, 6, 2, 3, 15, 8, 14, 10, 1, 14, 7, 10, 8, 11, 4, 10, 5, 15, 8, 9, 9, 2, 13, 15, 4, 12, 3, 7, 14, 3, 2, 9, 4, 1, 12, 9, 11

70 16 7
11, 16, 1, 8, 2, 15, 16, 4, 15, 16, 3, 14, 4, 8, 13, 8, 9, 6, 16, 15, 7, 2, 7, 5, 8, 12, 7, 1, 1, 4, 14, 4, 10, 15, 3, 10, 13, 2, 6, 10, 3, 16, 5, 7, 8, 13, 14, 7, 14, 8, 7, 6, 6, 1, 7, 1, 7, 2, 1, 16, 16, 3, 16, 16, 4, 12, 4, 9, 13, 1

91 15 40
5, 10, 3, 14, 11, 4, 2, 3, 10, 15, 3, 8, 10, 10, 14, 14, 4, 15, 9, 10, 6, 3, 3, 3, 11, 7, 7, 10, 12, 8, 14, 7, 7, 1, 15, 2, 14, 14, 12, 13, 2, 11, 4, 4, 10, 1, 8, 14, 11, 1, 2, 2, 3, 2, 13, 2, 12, 9, 10, 13, 15, 4, 6, 1, 7, 11, 14, 12, 1, 2, 4, 11, 12, 10, 9, 7, 1, 3, 7, 3, 15, 3, 4, 4, 6, 6, 12, 12, 11, 3, 1

94 14 42
11, 7, 6, 14, 2, 6, 6, 7, 4, 13, 12, 4, 14, 11, 12, 12, 1, 8, 13, 2, 13, 12, 14, 3, 2, 1, 10, 4, 7, 8, 5, 10, 3, 13, 1, 7, 13, 1, 2, 1, 8, 13, 2, 7, 14, 1, 12, 9, 10, 9, 9, 13, 2, 4, 10, 1, 9, 9, 1, 7, 10, 9, 14, 4, 4, 1, 9, 3, 1, 12, 5, 12, 7, 11, 14, 7, 2, 13, 9, 6, 3, 10, 7, 5, 12, 1, 7, 1, 8, 9, 13, 10, 12, 4

94 9 5
1, 8, 7, 3, 2, 5, 5, 4, 1, 7, 9, 1, 1, 5, 8, 7, 3, 4, 4, 3, 2, 2, 1, 3, 7, 6, 1, 8, 4, 8, 1, 1, 8, 1, 8, 7, 5, 6, 5, 9, 4, 3, 7, 2, 3, 2, 2, 3, 4, 7, 7, 2, 7, 2, 4, 7, 6, 3, 9, 6, 6, 4, 3, 6, 3, 1, 8, 9, 2, 4, 3, 5, 3, 5, 4, 2, 2, 7, 1, 7, 7, 8, 2, 9, 6, 6, 6, 6, 6, 4, 7, 3, 5, 9

82 15 8
12, 13, 1, 2, 12, 3, 8, 12, 7, 12, 13, 3, 14, 7, 12, 14, 8, 6, 5, 1, 3, 13, 2, 12, 2, 2, 2, 4, 11, 4, 7, 15, 9, 1, 2, 6, 4, 1, 11, 9, 8, 11, 8, 2, 13, 9, 14, 4, 13, 4, 12, 6, 10, 4, 15, 6, 14, 12, 9, 2, 12, 2, 10, 13, 10, 6, 7, 9, 15, 1, 3, 10, 12, 13, 15, 8, 12, 7, 4, 7, 5, 4

11 12 2
3, 4, 5, 6, 4, 10, 6, 8, 6, 6, 4

99 18 28
16, 1, 1, 2, 12, 7, 5, 8, 9, 6, 9, 16, 17, 14, 14, 2, 6, 9, 1, 12, 16, 13, 10, 5, 15, 10, 11, 3, 6, 5, 8, 10, 6, 9, 14, 18, 15, 15, 4, 14, 4, 16, 18, 16, 7, 4, 4, 16, 13, 4, 1, 11, 18, 18, 11, 13, 16, 14, 10, 3, 17, 4, 1, 9, 1, 13, 6, 8, 6, 16, 16, 12, 2, 18, 4, 8, 3, 10, 7, 17, 12, 4, 10, 14, 13, 5, 10, 4, 11, 4, 9, 9, 18, 4, 11, 15, 3, 7, 6

3 1 1
1, 1, 1

41 20 12
4, 10, 2, 10, 16, 9, 10, 1, 7, 13, 17, 10, 6, 2, 3, 5, 9, 2, 17, 12, 7, 4, 18, 19, 10, 10, 4, 15, 9, 19, 6, 17, 4, 18, 13, 15, 3, 12, 20, 10, 10

100 12 29
1, 4, 12, 10, 3, 8, 11, 9, 10, 8, 11, 7, 10, 6, 5, 4, 4, 6, 6, 12, 10, 1, 3, 7, 7, 8, 4, 8, 12, 12, 3, 5, 3, 8, 2, 12, 4, 1, 5, 12, 7, 12, 8, 2, 11, 12, 6, 9, 1, 4, 1, 11, 1, 8, 4, 5, 7, 12, 4, 1, 10, 3, 6, 2, 3, 2, 9, 8, 3, 3, 12, 11, 12, 2, 9, 8, 7, 4, 10, 8, 6, 11, 6, 4, 5, 12, 12, 10, 5, 10, 6, 7, 3, 4, 8, 12, 7, 12, 9, 11

51 3 14
2, 2, 2, 2, 1, 3, 3, 3, 2, 2, 3, 1, 3, 2, 3, 2, 1, 2, 2, 1, 2, 2, 3, 1, 1, 2, 1, 3, 3, 3, 1, 2, 2, 3, 3, 1, 2, 1, 2, 3, 1, 1, 3, 2, 1, 1, 3, 3, 3, 3, 1

27 14 12
8, 5, 3, 2, 4, 6, 9, 8, 7, 6, 10, 13, 2, 10, 4, 4, 9, 13, 5, 11, 14, 7, 11, 2, 12, 5, 5

59 2 36
2, 2, 1, 1, 1, 2, 1, 1, 1, 2, 1, 2, 1, 1, 1, 2, 2, 2, 2, 2, 2, 2, 2, 2, 2, 1, 1, 1, 2, 1, 2, 1, 1, 1, 1, 1, 1, 1, 1, 1, 2, 2, 2, 1, 2, 2, 1, 1, 2, 2, 1, 2, 1, 2, 1, 1, 1, 1, 1

51 13 27
11, 8, 5, 4, 13, 12, 6, 12, 10, 4, 2, 8, 8, 12, 5, 12, 10, 7, 12, 9, 7, 2, 8, 4, 5, 6, 1, 7, 5, 6, 10, 13, 7, 10, 13, 3, 10, 3, 11, 12, 9, 11, 11, 5, 6, 7, 4, 9, 7, 9, 4

67 9 29
8, 1, 6, 8, 1, 7, 7, 9, 2, 9, 3, 9, 3, 7, 3, 2, 2, 4, 8, 1, 3, 6, 1, 9, 7, 5, 3, 3, 6, 7, 7, 8, 9, 3, 8, 4, 4, 5, 2, 6, 5, 2, 7, 9, 3, 6, 7, 3, 3, 9, 3, 7, 2, 6, 2, 5, 9, 1, 5, 9, 9, 6, 5, 8, 7, 3, 8

26 3 15
1, 2, 2, 1, 1, 2, 1, 3, 3, 1, 1, 2, 2, 1, 1, 2, 3, 2, 3, 3, 1, 2, 1, 1, 2, 3

22 2 13
2, 2, 1, 2, 1, 1, 1, 1, 2, 1, 1, 2, 1, 2, 2, 2, 1, 2, 1, 1, 1, 1

14 7 4
2, 7, 7, 7, 6, 6, 5, 5, 7, 1, 3, 3, 7, 6

94 9 7
7, 8, 4, 3, 1, 2, 7, 1, 8, 1, 7, 7, 4, 6, 7, 2, 9, 9, 2, 4, 9, 3, 1, 6, 8, 2, 4, 6, 7, 3, 9, 4, 1, 7, 6, 6, 4, 1, 4, 9, 7, 2, 6, 7, 3, 9, 3, 6, 1, 4, 7, 3, 8, 4, 9, 4, 2, 2, 1, 4, 3, 1, 6, 4, 5, 7, 1, 7, 9, 3, 2, 5, 8, 3, 3, 7, 9, 6, 9, 4, 4, 4, 6, 3, 8, 5, 8, 3, 9, 5, 4, 5, 3, 1

95 15 37
8, 4, 3, 3, 4, 3, 2, 8, 12, 11, 8, 12, 1, 2, 6, 4, 13, 7, 4, 4, 12, 4, 5, 12, 12, 10, 5, 2, 13, 11, 5, 7, 7, 9, 7, 2, 14, 12, 6, 2, 9, 10, 8, 11, 9, 3, 11, 5, 12, 15, 11, 5, 7, 6, 12, 6, 15, 11, 9, 8, 1, 2, 14, 7, 12, 12, 7, 10, 15, 1, 14, 11, 2, 5, 9, 9, 1, 5, 3, 10, 7, 11, 2, 13, 5, 9, 3, 12, 10, 15, 10, 11, 6, 3, 5

72 1 36
1, 1, 1, 1, 1, 1, 1, 1, 1, 1, 1, 1, 1, 1, 1, 1, 1, 1, 1, 1, 1, 1, 1, 1, 1, 1, 1, 1, 1, 1, 1, 1, 1, 1, 1, 1, 1, 1, 1, 1, 1, 1, 1, 1, 1, 1, 1, 1, 1, 1, 1, 1, 1, 1, 1, 1, 1, 1, 1, 1, 1, 1, 1, 1, 1, 1, 1, 1, 1, 1, 1, 1

79 1 74
1, 1, 1, 1, 1, 1, 1, 1, 1, 1, 1, 1, 1, 1, 1, 1, 1, 1, 1, 1, 1, 1, 1, 1, 1, 1, 1, 1, 1, 1, 1, 1, 1, 1, 1, 1, 1, 1, 1, 1, 1, 1, 1, 1, 1, 1, 1, 1, 1, 1, 1, 1, 1, 1, 1, 1, 1, 1, 1, 1, 1, 1, 1, 1, 1, 1, 1, 1, 1, 1, 1, 1, 1, 1, 1, 1, 1, 1, 1

10 10 2
1, 2, 6, 4, 1, 10, 2, 1, 8, 4

97 18 16
14, 13, 7, 4, 11, 2, 11, 10, 1, 14, 5, 18, 8, 7, 9, 13, 12, 4, 13, 8, 11, 18, 2, 7, 8, 10, 3, 18, 18, 9, 16, 1, 5, 17, 5, 15, 2, 10, 18, 4, 2, 2, 1, 9, 1, 12, 16, 9, 10, 15, 6, 16, 1, 13, 2, 2, 4, 15, 9, 12, 7, 13, 8, 1, 13, 15, 15, 2, 16, 8, 13, 9, 13, 2, 8, 17, 8, 5, 6, 4, 16, 12, 13, 15, 11, 1, 17, 18, 8, 2, 18, 16, 1, 8, 18, 16, 14

66 16 31
14, 4, 16, 4, 7, 10, 1, 7, 10, 11, 14, 15, 15, 7, 2, 14, 4, 7, 6, 9, 10, 1, 15, 13, 2, 1, 3, 16, 10, 11, 6, 4, 2, 13, 12, 6, 11, 5, 7, 16, 6, 12, 7, 3, 2, 4, 3, 13, 13, 13, 5, 10, 7, 4, 1, 9, 7, 12, 13, 5, 15, 13, 15, 6, 13, 10

32 6 10
4, 1, 2, 5, 5, 4, 6, 3, 5, 2, 4, 5, 2, 4, 1, 1, 4, 6, 2, 4, 1, 4, 5, 4, 4, 3, 6, 2, 2, 4, 5, 5

10 12 3
2, 12, 4, 6, 2, 9, 9, 4, 4, 5

54 2 11
1, 1, 2, 2, 2, 1, 1, 1, 1, 2, 2, 2, 2, 2, 2, 2, 1, 2, 1, 1, 2, 2, 2, 2, 1, 1, 1, 2, 2, 2, 1, 2, 2, 2, 2, 2, 2, 1, 1, 2, 2, 2, 2, 1, 2, 1, 2, 2, 1, 1, 2, 1, 1, 2

29 11 12
1, 11, 10, 2, 4, 9, 7, 6, 2, 9, 3, 9, 10, 5, 5, 7, 5, 2, 6, 11, 4, 11, 2, 7, 6, 7, 11, 7, 4

60 20 8
11, 15, 7, 9, 9, 12, 6, 15, 7, 10, 18, 5, 6, 18, 3, 12, 16, 13, 15, 5, 8, 10, 8, 12, 12, 14, 9, 19, 7, 1, 5, 8, 9, 12, 17, 16, 8, 17, 20, 3, 6, 19, 11, 18, 17, 20, 19, 7, 9, 17, 13, 1, 11, 15, 5, 14, 4, 12, 13, 14

19 15 9
9, 6, 1, 9, 14, 8, 12, 8, 2, 8, 4, 12, 12, 1, 11, 11, 14, 3, 12

62 14 34
3, 3, 4, 5, 14, 10, 4, 9, 12, 14, 4, 12, 13, 8, 10, 8, 12, 7, 12, 5, 14, 12, 12, 11, 10, 13, 10, 5, 9, 11, 8, 9, 5, 4, 2, 6, 11, 10, 11, 11, 10, 8, 7, 13, 9, 12, 14, 7, 12, 2, 3, 12, 14, 10, 14, 6, 5, 12, 10, 14, 3, 11

63 16 1
16, 11, 12, 9, 6, 16, 12, 3, 2, 15, 14, 4, 15, 13, 1, 12, 6, 5, 7, 1, 9, 10, 13, 11, 2, 9, 2, 16, 14, 2, 2, 5, 4, 6, 10, 12, 10, 8, 13, 8, 8, 12, 15, 3, 9, 9, 7, 2, 6, 10, 14, 16, 15, 12, 5, 13, 9, 9, 13, 9, 12, 4, 9

77 17 4
15, 6, 12, 5, 5, 14, 5, 11, 6, 8, 12, 13, 4, 8, 14, 15, 1, 5, 10, 13, 10, 2, 12, 11, 11, 16, 14, 16, 17, 6, 11, 3, 4, 17, 14, 9, 13, 7, 4, 7, 2, 14, 2, 6, 4, 5, 3, 9, 12, 2, 17, 6, 12, 3, 5, 15, 16, 17, 16, 1, 16, 3, 12, 17, 4, 12, 10, 1, 6, 3, 13, 14, 17, 4, 15, 3, 8

18 9 3
7, 6, 9, 9, 2, 4, 2, 8, 5, 7, 7, 1, 8, 2, 8, 5, 6, 3

99 15 21
1, 13, 14, 13, 12, 9, 10, 3, 5, 8, 1, 5, 15, 15, 15, 2, 14, 6, 14, 1, 4, 3, 5, 15, 3, 6, 9, 6, 15, 12, 10, 8, 5, 13, 8, 7, 3, 11, 3, 3, 4, 6, 4, 12, 8, 4, 3, 3, 4, 5, 15, 1, 14, 11, 4, 13, 14, 9, 14, 2, 2, 4, 5, 14, 7, 5, 4, 11, 8, 14, 4, 2, 5, 4, 1, 4, 4, 3, 5, 7, 15, 11, 11, 8, 2, 4, 7, 4, 3, 5, 9, 2, 14, 2, 12, 9, 3, 10, 8

24 15 4
6, 7, 6, 11, 5, 7, 3, 14, 1, 10, 13, 10, 6, 7, 13, 13, 13, 4, 4, 9, 9, 13, 3, 8

94 4 38
4, 4, 1, 4, 4, 1, 2, 4, 3, 2, 1, 1, 2, 3, 4, 3, 2, 3, 4, 2, 3, 1, 4, 3, 1, 1, 1, 4, 1, 2, 4, 1, 1, 2, 3, 3, 2, 3, 2, 1, 1, 2, 1, 1, 1, 3, 2, 2, 4, 4, 4, 4, 2, 2, 3, 1, 2, 3, 4, 4, 2, 1, 2, 2, 2, 4, 2, 1, 2, 4, 3, 1, 3, 3, 2, 3, 1, 1, 1, 2, 1, 2, 3, 4, 4, 4, 2, 1, 4, 4, 3, 3, 3, 4

20 1 5
1, 1, 1, 1, 1, 1, 1, 1, 1, 1, 1, 1, 1, 1, 1, 1, 1, 1, 1, 1

67 17 13
12, 12, 17, 11, 5, 9, 3, 10, 11, 13, 17, 8, 13, 12, 13, 4, 14, 15, 15, 5, 6, 17, 5, 2, 10, 15, 12, 17, 3, 4, 3, 14, 15, 7, 4, 16, 1, 11, 15, 1, 15, 7, 17, 7, 17, 6, 16, 9, 3, 14, 12, 11, 8, 14, 12, 16, 16, 14, 5, 7, 11, 3, 7, 10, 6, 7, 4

52 20 12
2, 3, 10, 6, 2, 5, 17, 15, 2, 12, 12, 9, 17, 7, 5, 16, 2, 11, 12, 9, 10, 7, 5, 20, 3, 10, 3, 8, 15, 7, 6, 4, 2, 14, 11, 19, 2, 18, 9, 3, 14, 13, 12, 9, 16, 4, 1, 15, 16, 12, 16, 6

68 9 26
8, 1, 8, 5, 1, 4, 4, 2, 9, 3, 7, 2, 1, 9, 3, 3, 8, 3, 6, 2, 7, 2, 6, 5, 7, 1, 7, 3, 6, 2, 4, 6, 6, 9, 4, 2, 2, 6, 8, 5, 5, 5, 9, 5, 4, 1, 1, 5, 6, 5, 2, 5, 2, 8, 6, 8, 2, 9, 7, 3, 6, 8, 4, 5, 3, 4, 5, 5

96 16 50
4, 16, 1, 2, 6, 4, 5, 12, 11, 1, 15, 7, 1, 11, 4, 12, 13, 10, 14, 3, 16, 2, 11, 2, 7, 7, 5, 6, 5, 12, 16, 7, 10, 15, 2, 1, 16, 11, 15, 15, 1, 14, 8, 5, 12, 6, 4, 14, 10, 15, 13, 14, 3, 16, 1, 5, 12, 13, 10, 16, 7, 15, 2, 11, 13, 5, 14, 16, 16, 15, 11, 3, 4, 8, 4, 13, 8, 1, 14, 5, 10, 4, 16, 9, 11, 14, 9, 6, 7, 15, 1, 3, 11, 16, 12, 5

63 5 29
1, 5, 1, 2, 5, 3, 1, 2, 1, 1, 2, 2, 3, 3, 3, 2, 5, 4, 5, 4, 3, 2, 3, 5, 3, 3, 1, 1, 4, 1, 4, 5, 4, 5, 3, 4, 3, 2, 4, 1, 4, 2, 4, 1, 5, 1, 3, 2, 3, 5, 3, 4, 3, 5, 2, 4, 3, 2, 1, 5, 1, 2, 3

22 13 5
4, 10, 3, 6, 10, 4, 11, 7, 12, 6, 2, 12, 6, 1, 9, 6, 5, 7, 9, 1, 8, 12

38 5 2
1, 4, 2, 1, 4, 1, 3, 3, 4, 3, 5, 5, 1, 5, 1, 1, 4, 3, 3, 2, 3, 1, 2, 5, 4, 2, 3, 1, 2, 4, 5, 3, 4, 3, 3, 2, 2, 4

17 8 5
3, 4, 2, 8, 6, 3, 7, 1, 3, 6, 5, 7, 1, 7, 3, 6, 6

56 15 27
8, 15, 14, 10, 3, 14, 5, 13, 3, 12, 5, 15, 13, 2, 10, 8, 10, 9, 8, 12, 9, 13, 9, 4, 14, 15, 6, 11, 15, 3, 1, 9, 1, 13, 7, 11, 2, 7, 6, 11, 12, 14, 8, 4, 7, 1, 5, 12, 1, 13, 11, 12, 1, 2, 4, 3

82 5 41
4, 5, 2, 5, 3, 3, 2, 5, 1, 1, 4, 3, 4, 3, 4, 5, 2, 5, 5, 5, 4, 4, 3, 5, 4, 2, 2, 3, 3, 3, 1, 4, 1, 1, 4, 1, 2, 3, 1, 5, 5, 3, 5, 5, 2, 2, 4, 5, 2, 2, 1, 1, 5, 2, 1, 3, 4, 1, 1, 2, 4, 4, 3, 1, 2, 3, 2, 3, 1, 2, 3, 5, 3, 3, 4, 4, 5, 2, 5, 1, 1, 5

24 12 3
3, 1, 5, 5, 4, 12, 6, 12, 8, 5, 7, 8, 12, 2, 1, 3, 1, 4, 2, 1, 9, 11, 8, 11

62 11 29
2, 3, 7, 6, 1, 10, 5, 3, 8, 5, 1, 8, 6, 2, 6, 2, 6, 4, 3, 3, 10, 9, 10, 6, 7, 8, 6, 2, 1, 2, 3, 8, 2, 5, 8, 11, 6, 6, 10, 6, 8, 4, 3, 3, 1, 2, 3, 11, 11, 11, 5, 5, 4, 11, 10, 1, 11, 7, 9, 7, 6, 8

12 6 7
2, 2, 6, 5, 3, 3, 5, 4, 6, 1, 3, 2

34 3 10
3, 2, 1, 1, 3, 2, 3, 1, 3, 1, 1, 1, 1, 2, 3, 3, 2, 2, 3, 3, 2, 2, 3, 3, 1, 2, 1, 3, 3, 1, 3, 1, 2, 1

30 17 10
7, 6, 6, 17, 10, 14, 11, 16, 14, 6, 4, 13, 13, 13, 5, 4, 17, 12, 13, 8, 7, 13, 13, 13, 5, 3, 6, 3, 7, 3

8 18 1
17, 6, 16, 17, 10, 9, 15, 15

64 4 37
1, 4, 2, 4, 1, 3, 1, 2, 1, 2, 1, 1, 3, 2, 3, 1, 1, 4, 4, 2, 1, 3, 3, 2, 2, 4, 3, 4, 4, 3, 4, 3, 4, 1, 2, 3, 3, 1, 2, 3, 4, 1, 4, 4, 2, 4, 1, 3, 4, 2, 1, 2, 1, 2, 2, 3, 4, 3, 1, 3, 2, 1, 3, 1

21 19 4
4, 3, 18, 1, 16, 16, 19, 16, 7, 12, 11, 6, 10, 8, 2, 18, 6, 16, 16, 5, 3

69 13 27
7, 4, 13, 9, 2, 13, 13, 5, 7, 8, 9, 11, 7, 3, 10, 2, 6, 9, 12, 7, 13, 10, 11, 7, 9, 10, 13, 1, 7, 9, 3, 10, 1, 10, 11, 2, 7, 7, 3, 6, 4, 8, 13, 5, 11, 8, 12, 1, 13, 6, 1, 13, 3, 8, 9, 4, 5, 1, 13, 3, 4, 7, 1, 10, 13, 3, 8, 6, 6

22 9 1
7, 8, 4, 4, 1, 3, 6, 6, 9, 1, 8, 4, 4, 3, 3, 7, 5, 9, 9, 5, 1, 3

52 17 12
12, 13, 13, 5, 5, 13, 9, 17, 9, 14, 13, 15, 7, 11, 12, 12, 15, 7, 9, 1, 3, 16, 17, 8, 7, 2, 1, 15, 6, 12, 4, 16, 8, 12, 15, 3, 3, 9, 17, 13, 7, 14, 17, 4, 11, 4, 14, 13, 12, 2, 1, 16

3 15 1
7, 2, 13

47 6 3
6, 6, 1, 4, 5, 5, 5, 1, 4, 2, 2, 1, 1, 5, 6, 2, 3, 2, 3, 5, 6, 3, 3, 5, 3, 5, 4, 1, 3, 4, 4, 5, 1, 3, 2, 3, 2, 1, 2, 5, 6, 4, 1, 4, 6, 1, 6

65 12 3
6, 12, 1, 11, 12, 4, 4, 1, 12, 7, 12, 8, 4, 6, 2, 9, 3, 8, 12, 12, 10, 1, 9, 10, 10, 1, 5, 7, 9, 9, 9, 6, 2, 5, 4, 10, 7, 4, 11, 3, 5, 4, 3, 11, 4, 9, 10, 5, 9, 11, 3, 1, 1, 6, 5, 4, 2, 7, 3, 11, 11, 4, 3, 11, 12

54 20 13
10, 11, 8, 15, 12, 20, 1, 18, 16, 19, 13, 19, 18, 13, 13, 3, 19, 19, 18, 7, 14, 3, 19, 7, 8, 2, 3, 12, 4, 7, 16, 7, 19, 5, 11, 10, 17, 18, 13, 15, 17, 4, 7, 1, 20, 11, 8, 12, 5, 6, 12, 2, 20, 8

16 12 6
12, 11, 4, 2, 6, 8, 6, 11, 3, 10, 4, 6, 6, 3, 3, 7

32 12 11
10, 7, 10, 3, 8, 9, 9, 3, 3, 9, 9, 10, 9, 9, 3, 7, 5, 3, 1, 9, 3, 8, 10, 7, 10, 9, 5, 10, 12, 7, 2, 7

72 10 10
10, 5, 6, 10, 3, 8, 5, 3, 1, 7, 9, 10, 10, 6, 2, 2, 6, 9, 5, 4, 3, 6, 2, 3, 4, 7, 2, 3, 10, 4, 6, 3, 3, 1, 9, 6, 4, 9, 4, 6, 10, 3, 9, 5, 9, 8, 9, 3, 6, 9, 5, 7, 10, 3, 8, 5, 2, 6, 9, 3, 1, 4, 10, 6, 1, 5, 4, 4, 1, 8, 2, 3

40 12 2
4, 10, 4, 12, 3, 1, 1, 8, 8, 10, 6, 11, 11, 3, 2, 5, 8, 1, 5, 8, 11, 4, 3, 10, 5, 7, 6, 9, 6, 5, 10, 6, 2, 10, 8, 2, 8, 6, 5, 9

75 20 16
18, 6, 14, 12, 19, 5, 1, 10, 7, 3, 6, 8, 6, 16, 11, 3, 5, 8, 18, 6, 14, 17, 1, 11, 19, 11, 19, 7, 6, 14, 11, 10, 4, 3, 11, 1, 6, 9, 19, 19, 10, 3, 17, 18, 20, 7, 8, 5, 20, 19, 8, 7, 13, 15, 12, 10, 15, 20, 6, 13, 15, 1, 7, 1, 1, 3, 5, 8, 1, 7, 6, 8, 2, 5, 8

35 1 21
1, 1, 1, 1, 1, 1, 1, 1, 1, 1, 1, 1, 1, 1, 1, 1, 1, 1, 1, 1, 1, 1, 1, 1, 1, 1, 1, 1, 1, 1, 1, 1, 1, 1, 1

36 12 10
1, 3, 2, 6, 7, 12, 5, 1, 11, 10, 5, 9, 2, 2, 11, 4, 8, 2, 10, 1, 11, 11, 3, 2, 5, 5, 7, 6, 8, 11, 1, 11, 11, 6, 1, 12

40 2 16
1, 1, 2, 2, 2, 1, 1, 2, 1, 1, 1, 2, 1, 1, 1, 1, 1, 2, 2, 1, 2, 1, 2, 2, 2, 2, 1, 1, 1, 1, 2, 1, 2, 1, 2, 2, 1, 1, 1, 1

62 19 20
14, 1, 3, 10, 19, 14, 19, 10, 2, 4, 17, 6, 10, 5, 15, 11, 16, 6, 8, 12, 2, 9, 13, 1, 2, 17, 3, 14, 4, 8, 2, 16, 5, 8, 1, 1, 12, 13, 4, 11, 19, 15, 15, 12, 6, 9, 12, 10, 14, 19, 1, 9, 2, 6, 14, 12, 13, 12, 17, 8, 13, 4

28 7 4
1, 5, 6, 5, 1, 6, 3, 5, 5, 1, 4, 4, 4, 2, 5, 6, 3, 2, 1, 3, 7, 3, 4, 4, 4, 4, 7, 4

69 11 23
1, 10, 9, 4, 7, 3, 3, 4, 11, 6, 7, 10, 4, 1, 9, 10, 11, 1, 7, 10, 1, 5, 10, 10, 9, 5, 9, 2, 8, 3, 11, 2, 3, 8, 10, 1, 6, 1, 11, 4, 2, 8, 8, 10, 1, 4, 6, 11, 6, 9, 7, 5, 8, 10, 8, 3, 1, 8, 6, 5, 7, 7, 9, 1, 2, 1, 5, 8, 6

10 8 1
7, 1, 8, 5, 7, 1, 4, 7, 4, 1

76 12 34
2, 7, 3, 10, 11, 8, 5, 3, 2, 5, 11, 8, 2, 2, 12, 1, 5, 10, 3, 1, 6, 2, 6, 9, 6, 3, 12, 8, 10, 2, 7, 11, 1, 11, 4, 10, 7, 8, 8, 8, 8, 9, 10, 5, 3, 9, 5, 7, 5, 9, 6, 3, 3, 12, 12, 10, 2, 10, 6, 11, 1, 10, 1, 1, 5, 4, 1, 8, 8, 2, 9, 3, 9, 1, 7, 4

10 15 2
5, 8, 10, 11, 4, 8, 6, 1, 9, 3

18 13 7
11, 6, 12, 2, 11, 10, 1, 12, 4, 8, 7, 7, 7, 12, 10, 9, 1, 6

50 8 24
7, 7, 2, 3, 4, 5, 8, 7, 6, 1, 3, 3, 6, 5, 6, 5, 4, 6, 8, 2, 8, 7, 7, 6, 3, 7, 4, 2, 8, 5, 2, 2, 1, 5, 6, 3, 1, 5, 5, 6, 2, 5, 2, 8, 7, 7, 1, 4, 5, 2

5 19 1
8, 9, 9, 7, 1

8 4 5
4, 2, 3, 2, 3, 4, 3, 2

39 18 20
3, 2, 18, 7, 4, 13, 16, 11, 8, 15, 8, 14, 18, 15, 9, 15, 13, 11, 13, 14, 8, 10, 13, 7, 3, 12, 1, 4, 17, 15, 18, 16, 10, 7, 4, 2, 17, 10, 7

72 5 34
5, 1, 4, 5, 5, 4, 5, 1, 2, 3, 3, 4, 4, 2, 3, 5, 2, 1, 2, 4, 5, 2, 2, 1, 5, 3, 5, 3, 1, 1, 2, 3, 4, 2, 4, 1, 4, 5, 2, 4, 2, 1, 1, 1, 3, 5, 5, 5, 1, 2, 3, 1, 5, 1, 4, 5, 2, 4, 1, 4, 2, 5, 3, 1, 5, 2, 1, 4, 2, 1, 2, 4

36 16 3
16, 9, 13, 13, 11, 5, 11, 2, 16, 5, 13, 7, 6, 16, 14, 15, 8, 10, 11, 6, 12, 1, 3, 5, 15, 4, 1, 10, 8, 5, 10, 12, 7, 4, 10, 10

39 16 18
4, 1, 1, 3, 6, 7, 3, 9, 14, 5, 3, 16, 11, 14, 10, 16, 7, 8, 12, 15, 5, 5, 16, 13, 15, 16, 4, 9, 5, 9, 7, 14, 12, 3, 16, 1, 16, 16, 5

34 11 5
4, 9, 7, 10, 5, 5, 8, 3, 10, 5, 4, 1, 5, 6, 5, 9, 1, 5, 9, 6, 11, 10, 2, 3, 3, 8, 8, 4, 7, 3, 4, 4, 3, 1

77 17 31
11, 11, 15, 1, 7, 5, 13, 7, 9, 7, 10, 15, 17, 2, 13, 12, 12, 6, 3, 12, 15, 17, 13, 5, 15, 2, 16, 5, 9, 5, 13, 5, 9, 3, 11, 13, 2, 3, 14, 7, 5, 2, 17, 11, 8, 16, 15, 12, 15, 10, 8, 3, 14, 5, 4, 9, 6, 15, 1, 1, 8, 10, 9, 3, 14, 4, 5, 10, 15, 1, 14, 7, 16, 8, 14, 2, 5

25 20 6
3, 20, 7, 19, 16, 19, 10, 4, 19, 12, 6, 1, 6, 18, 16, 17, 13, 7, 15, 10, 18, 1, 6, 7, 14

67 12 33
7, 8, 11, 1, 12, 2, 7, 1, 3, 10, 7, 7, 1, 8, 5, 1, 5, 1, 6, 9, 3, 12, 9, 12, 3, 6, 11, 7, 6, 12, 7, 7, 1, 11, 12, 5, 7, 4, 4, 3, 6, 10, 2, 3, 5, 8, 10, 3, 10, 8, 1, 7, 11, 6, 9, 9, 7, 10, 10, 9, 2, 12, 10, 1, 7, 9, 10

32 15 9
15, 10, 7, 10, 6, 15, 13, 3, 9, 1, 9, 14, 4, 6, 14, 10, 6, 1, 15, 7, 8, 4, 4, 4, 3, 5, 5, 2, 14, 13, 11, 9

14 14 8
14, 9, 4, 6, 13, 7, 6, 11, 9, 3, 14, 3, 10, 11

51 10 10
7, 5, 4, 7, 2, 3, 6, 6, 5, 5, 2, 3, 7, 6, 9, 4, 3, 7, 10, 8, 4, 5, 2, 2, 6, 2, 6, 2, 2, 10, 3, 6, 5, 6, 4, 8, 4, 2, 3, 8, 4, 3, 7, 10, 1, 7, 2, 3, 1, 3, 1

32 9 13
3, 3, 3, 4, 3, 9, 7, 2, 3, 6, 4, 1, 4, 1, 7, 1, 1, 9, 8, 7, 2, 9, 7, 7, 8, 2, 7, 5, 7, 9, 3, 6

12 17 7
17, 9, 14, 4, 9, 5, 7, 9, 10, 16, 11, 12

