226
100 88 234 300
211 124 162 300
90 110 247 300
211 129 231 300
214 118 186 300
173 102 234 300
147 234 213 300
238 226 141 300
85 76 232 300
133 120 87 300
166 170 138 300
205 233 152 300
117 137 119 300
118 119 158 300
52 163 57 300
115 121 108 300
149 157 188 300
168 241 223 300
115 244 148 300
144 180 168 300
160 174 71 300
234 192 240 300
215 133 203 300
83 85 102 300
204 225 210 300
223 200 169 300
174 198 228 300
103 100 239 300
233 237 168 300
241 241 126 300
122 197 101 300
165 160 83 300
206 170 198 300
171 154 66 300
138 84 227 300
113 118 192 300
241 180 118 300
92 92 246 300
235 88 172 300
192 180 110 300
53 113 175 300
219 241 78 300
156 228 168 300
55 55 189 300
61 244 222 300
67 92 206 300
70 80 233 300
174 121 158 300
183 185 204 300
138 207 210 300
137 147 200 300
204 72 197 300
178 214 221 300
88 177 79 300
156 153 160 300
192 102 192 300
246 183 176 300
139 239 194 300
192 89 221 300
222 248 125 300
107 138 128 300
120 223 152 300
216 66 219 300
118 135 116 300
85 203 191 300
72 54 103 300
211 62 175 300
105 94 83 300
118 195 206 300
129 94 64 300
56 171 69 300
95 247 57 300
190 175 244 300
110 61 143 300
64 124 171 300
180 249 156 300
234 217 78 300
250 95 232 300
134 182 223 300
245 82 214 300
169 63 244 300
202 155 157 300
238 73 210 300
103 174 204 300
132 67 57 300
94 188 169 300
107 192 117 300
114 92 134 300
143 201 152 300
67 86 165 300
90 127 226 300
85 98 193 300
139 97 128 300
69 89 54 300
141 133 55 300
139 94 172 300
204 59 55 300
77 94 156 300
235 164 189 300
75 222 243 300
75 56 87 300
206 89 242 300
63 137 232 300
56 238 82 300
165 112 93 300
147 91 188 300
130 105 63 300
249 223 117 300
246 121 246 300
132 209 153 300
147 206 205 300
177 78 116 300
147 240 68 300
155 173 94 300
94 66 116 300
60 116 120 300
99 83 110 300
194 99 166 300
188 209 85 300
207 214 242 300
229 100 86 300
155 193 150 300
54 185 240 300
84 102 248 300
107 110 208 300
72 116 162 300
102 225 173 300
201 138 52 300
126 61 102 300
98 102 151 300
129 83 179 300
65 143 72 300
59 187 197 300
155 130 140 300
157 126 124 300
204 77 137 300
137 121 104 300
118 189 88 300
130 99 161 300
249 120 194 300
67 224 161 300
107 105 187 300
165 155 226 300
249 187 169 300
53 163 242 300
94 87 179 300
208 97 189 300
219 183 227 300
224 238 225 300
150 165 179 300
250 64 157 300
72 104 111 300
70 249 206 300
75 159 159 300
90 219 75 300
130 221 142 300
115 58 63 300
130 124 98 300
230 158 163 300
205 84 142 300
132 241 234 300
157 235 133 300
101 216 169 300
209 113 105 300
174 78 249 300
96 171 183 300
212 88 54 300
195 100 77 300
103 63 93 300
126 193 107 300
64 74 139 300
57 74 186 300
157 164 51 300
117 70 73 300
83 126 249 300
163 120 93 300
87 214 227 300
164 125 187 300
139 205 237 300
189 214 112 300
114 174 240 300
186 205 230 300
249 136 177 300
92 234 214 300
61 82 126 300
222 157 249 300
65 137 94 300
209 223 76 300
112 240 101 300
201 242 223 300
64 177 161 300
227 110 125 300
166 67 85 300
125 78 175 300
195 66 83 300
55 102 131 300
236 179 128 300
207 107 194 300
124 148 85 300
52 66 141 300
198 206 118 300
207 121 128 300
213 209 181 300
237 214 189 300
236 165 141 300
148 80 54 300
116 162 249 300
98 145 183 300
55 163 236 300
138 72 200 300
139 179 191 300
78 213 75 300
67 243 126 300
219 208 201 300
171 248 186 300
152 201 60 300
91 97 126 300
128 227 234 300
240 195 144 300
154 146 56 300
110 193 182 300
92 219 119 300
113 71 157 300
179 75 90 300
102 148 179 300
86 247 174 300
284
224 223 209 300
232 117 212 300
120 201 38 300
47 125 181 300
70 67 103 300
79 66 114 300
149 145 37 300
74 215 160 300
84 161 68 300
108 127 221 300
118 231 121 300
139 203 202 300
140 180 165 300
211 201 162 300
203 219 123 300
137 102 205 300
95 78 176 300
125 149 233 300
177 74 39 300
216 198 139 300
233 71 235 300
123 91 55 300
73 168 44 300
40 132 198 300
176 37 127 300
214 148 213 300
75 44 53 300
128 116 161 300
90 178 111 300
219 112 98 300
103 43 175 300
40 213 136 300
190 166 104 300
145 40 85 300
105 117 175 300
106 114 155 300
171 66 98 300
222 178 46 300
170 233 42 300
234 40 54 300
114 176 81 300
181 48 144 300
79 102 115 300
82 135 191 300
76 73 166 300
152 226 228 300
173 57 155 300
164 138 166 300
197 228 236 300
217 208 53 300
213 77 233 300
151 38 138 300
165 169 195 300
60 166 153 300
44 146 175 300
58 231 74 300
119 157 48 300
140 113 213 300
184 70 61 300
117 221 183 300
171 149 45 300
230 184 138 300
69 235 64 300
179 159 104 300
196 66 236 300
189 45 228 300
164 73 72 300
127 173 187 300
152 107 88 300
70 81 100 300
179 77 171 300
86 156 208 300
66 61 110 300
93 156 162 300
153 173 168 300
137 134 173 300
141 123 110 300
185 172 146 300
226 79 129 300
123 69 77 300
159 76 68 300
232 73 99 300
113 112 52 300
170 122 134 300
153 150 100 300
220 169 120 300
151 231 83 300
100 127 96 300
213 101 40 300
72 96 140 300
126 59 106 300
105 215 61 300
60 204 172 300
75 142 43 300
192 225 62 300
114 111 110 300
138 85 140 300
46 224 181 300
210 157 217 300
205 39 110 300
219 63 236 300
95 157 188 300
195 153 57 300
143 82 196 300
62 132 198 300
162 193 110 300
211 91 105 300
219 153 113 300
140 118 197 300
194 93 136 300
203 226 96 300
149 148 232 300
169 92 113 300
138 167 155 300
89 174 163 300
158 180 181 300
221 152 215 300
201 40 77 300
212 46 164 300
232 66 107 300
208 76 65 300
166 104 220 300
47 123 88 300
211 115 42 300
58 231 58 300
216 137 182 300
67 152 96 300
44 112 109 300
114 179 51 300
58 107 90 300
95 97 155 300
67 198 209 300
54 197 141 300
115 138 41 300
87 56 121 300
187 137 127 300
143 40 147 300
168 225 148 300
159 120 178 300
119 121 77 300
183 142 189 300
210 112 43 300
106 150 129 300
181 148 41 300
220 74 50 300
185 143 182 300
211 82 208 300
118 37 220 300
177 69 44 300
136 54 126 300
64 172 236 300
168 200 138 300
226 171 132 300
235 44 127 300
108 153 144 300
77 113 148 300
152 212 98 300
133 145 166 300
117 151 99 300
176 139 177 300
129 124 221 300
63 93 73 300
219 199 67 300
73 45 163 300
132 117 131 300
119 174 65 300
170 164 56 300
50 177 107 300
119 71 50 300
194 217 96 300
194 53 186 300
178 183 174 300
142 213 232 300
99 211 55 300
55 110 170 300
71 177 121 300
200 39 113 300
142 222 79 300
167 149 76 300
229 130 56 300
167 128 66 300
136 150 184 300
210 219 43 300
175 138 223 300
114 88 68 300
189 48 67 300
236 102 184 300
58 45 195 300
152 57 37 300
90 181 49 300
156 51 88 300
115 103 220 300
195 63 226 300
152 75 86 300
117 101 198 300
59 218 170 300
78 176 220 300
119 138 216 300
94 228 79 300
143 199 52 300
103 54 108 300
217 120 226 300
115 182 131 300
147 188 177 300
211 99 132 300
97 110 182 300
47 43 211 300
100 181 161 300
50 42 127 300
217 157 101 300
180 140 130 300
83 114 128 300
119 187 91 300
78 147 139 300
121 47 87 300
230 87 57 300
69 145 176 300
211 73 48 300
37 200 213 300
179 158 114 300
209 154 113 300
80 129 197 300
141 40 212 300
173 211 208 300
89 199 132 300
62 109 90 300
211 99 152 300
139 69 57 300
109 219 129 300
38 230 103 300
233 158 112 300
104 216 93 300
134 130 43 300
131 120 101 300
80 232 210 300
145 191 138 300
141 227 206 300
165 189 79 300
71 62 186 300
46 48 93 300
160 60 205 300
109 82 225 300
64 175 108 300
201 142 196 300
76 72 58 300
83 236 168 300
120 51 213 300
225 87 231 300
146 67 87 300
226 103 208 300
127 181 69 300
108 97 183 300
120 50 117 300
71 178 196 300
47 133 205 300
89 156 107 300
211 185 173 300
175 109 64 300
143 52 59 300
90 147 211 300
197 90 77 300
47 136 151 300
109 136 156 300
185 223 74 300
204 153 171 300
153 52 72 300
93 139 151 300
137 234 86 300
49 56 155 300
55 154 116 300
76 231 87 300
87 209 157 300
102 64 150 300
196 205 77 300
118 210 198 300
196 92 113 300
189 166 91 300
39 67 57 300
115 134 52 300
112 173 225 300
40 88 117 300
126 179 42 300
117 211 51 300
58 197 167 300
106
181 208 128 300
124 119 36 300
186 134 155 300
222 53 37 300
228 167 117 300
147 211 204 300
176 161 167 300
40 47 86 300
168 111 121 300
75 189 49 300
157 40 64 300
201 54 191 300
71 55 114 300
175 144 75 300
203 213 139 300
147 219 209 300
230 151 67 300
228 132 186 300
149 157 32 300
68 134 45 300
111 47 214 300
54 191 52 300
219 73 140 300
186 186 43 300
49 212 84 300
121 197 222 300
230 218 172 300
69 46 230 300
172 39 114 300
167 229 92 300
193 54 106 300
222 146 136 300
101 85 214 300
168 177 145 300
121 200 99 300
77 55 208 300
196 125 202 300
101 138 180 300
111 177 198 300
59 105 143 300
101 131 209 300
173 156 74 300
93 103 158 300
217 48 79 300
139 79 127 300
91 80 32 300
99 119 137 300
54 173 125 300
32 192 162 300
177 72 81 300
93 119 68 300
74 169 187 300
38 200 107 300
198 120 95 300
87 192 145 300
32 56 220 300
117 92 69 300
177 166 169 300
88 39 43 300
45 204 226 300
121 78 203 300
48 70 144 300
155 60 85 300
116 56 191 300
57 159 133 300
77 144 156 300
141 81 130 300
180 76 124 300
150 153 183 300
87 35 91 300
49 39 142 300
128 39 72 300
104 127 187 300
100 177 76 300
161 151 210 300
222 107 185 300
92 196 226 300
208 91 113 300
125 180 153 300
227 134 182 300
36 57 210 300
221 85 115 300
177 106 198 300
118 186 223 300
91 160 196 300
149 43 102 300
162 224 112 300
178 188 221 300
189 126 231 300
218 67 196 300
229 35 89 300
41 52 112 300
38 202 102 300
40 152 179 300
68 173 114 300
79 171 76 300
221 147 201 300
44 57 58 300
157 70 46 300
138 78 197 300
223 104 143 300
106 102 207 300
143 87 69 300
85 231 110 300
87 36 44 300
47 123 133 300
170
219 56 205 300
242 177 103 300
69 202 99 300
139 103 217 300
92 206 115 300
112 89 83 300
132 204 162 300
90 126 198 300
168 194 166 300
84 210 141 300
206 138 110 300
248 155 68 300
67 142 237 300
60 198 78 300
219 100 192 300
122 232 241 300
153 200 97 300
138 164 85 300
119 167 58 300
244 85 227 300
250 159 243 300
90 242 235 300
99 245 119 300
240 115 190 300
183 191 89 300
190 79 74 300
130 227 80 300
81 113 186 300
238 244 241 300
150 133 192 300
130 139 176 300
72 161 171 300
133 165 122 300
161 185 92 300
121 228 107 300
78 99 95 300
201 164 164 300
58 198 51 300
118 192 130 300
131 144 117 300
155 180 196 300
209 140 133 300
71 109 210 300
194 106 57 300
165 155 171 300
213 207 79 300
191 72 95 300
154 112 116 300
58 80 174 300
146 138 201 300
217 77 73 300
218 207 207 300
233 112 84 300
247 178 56 300
81 170 215 300
121 59 182 300
116 249 198 300
109 229 127 300
167 112 237 300
153 176 123 300
128 165 123 300
248 111 75 300
58 77 156 300
155 208 199 300
129 177 173 300
71 191 122 300
56 182 64 300
127 198 146 300
189 166 153 300
205 102 194 300
238 190 217 300
61 70 59 300
231 164 156 300
105 112 250 300
132 223 201 300
59 231 202 300
228 51 209 300
145 234 166 300
138 157 241 300
156 174 95 300
107 53 155 300
136 232 158 300
113 52 57 300
110 107 62 300
106 237 92 300
137 146 198 300
153 118 55 300
239 114 183 300
202 206 135 300
226 100 172 300
54 234 203 300
128 79 170 300
88 230 137 300
69 96 171 300
166 228 237 300
124 204 58 300
196 209 67 300
205 246 242 300
80 241 91 300
75 200 58 300
68 79 138 300
152 228 178 300
178 96 61 300
235 59 213 300
125 111 191 300
77 119 219 300
115 179 197 300
96 237 208 300
89 206 211 300
81 82 162 300
225 136 242 300
195 114 197 300
165 150 218 300
153 168 247 300
109 185 123 300
56 206 108 300
123 191 102 300
115 200 209 300
51 97 133 300
106 184 129 300
104 134 174 300
121 220 105 300
63 102 73 300
145 139 136 300
186 177 249 300
130 175 84 300
116 219 219 300
213 238 100 300
201 231 119 300
140 133 66 300
239 122 121 300
216 225 105 300
250 157 213 300
85 93 60 300
186 226 190 300
59 77 134 300
182 175 117 300
58 188 228 300
150 113 98 300
63 166 217 300
138 177 84 300
149 230 73 300
57 153 184 300
108 168 66 300
215 221 130 300
176 147 92 300
163 110 244 300
187 187 185 300
100 56 214 300
152 150 111 300
120 114 138 300
223 99 95 300
141 150 95 300
92 164 120 300
198 136 209 300
153 122 106 300
108 188 83 300
58 206 132 300
234 138 85 300
247 236 120 300
147 140 248 300
78 231 92 300
161 246 167 300
109 143 134 300
238 69 167 300
194 107 113 300
92 246 204 300
80 81 234 300
180 181 132 300
116 151 123 300
453
212 219 116 300
242 133 140 300
208 79 103 300
139 184 190 300
176 186 155 300
196 70 163 300
166 106 98 300
98 101 98 300
115 189 126 300
127 137 202 300
186 74 86 300
211 105 119 300
90 73 88 300
107 137 228 300
134 227 104 300
125 238 86 300
100 125 245 300
129 180 73 300
112 127 85 300
64 209 72 300
245 58 67 300
71 222 217 300
206 64 87 300
169 95 228 300
206 170 161 300
129 172 150 300
192 99 119 300
102 56 218 300
52 176 218 300
202 157 64 300
153 202 157 300
57 115 184 300
162 78 63 300
212 190 205 300
124 196 62 300
166 133 223 300
236 132 117 300
187 70 61 300
235 178 67 300
169 209 241 300
205 63 134 300
109 249 63 300
167 67 75 300
64 176 245 300
64 115 114 300
169 105 195 300
101 183 138 300
61 152 61 300
238 198 213 300
96 119 160 300
195 129 130 300
74 233 150 300
160 159 222 300
121 164 167 300
80 148 118 300
158 194 109 300
96 202 89 300
250 113 196 300
78 222 235 300
236 98 127 300
230 69 171 300
181 183 141 300
116 133 233 300
177 90 66 300
146 220 116 300
230 209 182 300
54 63 222 300
136 96 98 300
177 126 82 300
82 152 212 300
125 222 177 300
204 91 246 300
77 217 233 300
209 201 80 300
115 51 157 300
56 236 224 300
79 59 200 300
127 116 52 300
165 205 128 300
144 118 162 300
58 62 211 300
79 137 247 300
220 54 224 300
219 167 113 300
66 166 151 300
249 196 249 300
130 170 84 300
157 216 82 300
125 235 66 300
67 58 100 300
74 117 192 300
96 195 250 300
124 148 218 300
51 87 73 300
199 107 169 300
206 98 51 300
157 71 177 300
57 82 219 300
161 99 177 300
178 171 139 300
224 181 172 300
138 250 183 300
194 235 196 300
141 82 165 300
187 114 168 300
96 116 66 300
131 207 98 300
56 133 222 300
102 179 172 300
68 178 55 300
88 124 63 300
163 173 183 300
206 188 218 300
95 144 126 300
210 165 211 300
148 234 174 300
102 247 135 300
88 231 150 300
117 159 87 300
110 75 91 300
180 101 202 300
59 69 248 300
211 246 138 300
87 153 55 300
143 127 59 300
54 223 216 300
158 240 102 300
181 194 236 300
211 191 238 300
225 136 180 300
249 155 90 300
163 91 244 300
216 92 171 300
187 175 56 300
86 167 248 300
250 76 81 300
65 193 155 300
250 128 128 300
72 91 124 300
246 142 194 300
65 68 135 300
89 121 207 300
146 131 107 300
199 143 200 300
61 185 105 300
57 135 133 300
90 215 102 300
211 191 143 300
94 236 61 300
225 155 144 300
190 65 135 300
106 70 238 300
193 191 208 300
64 243 165 300
211 149 161 300
87 92 206 300
201 166 219 300
160 201 153 300
243 248 170 300
123 63 118 300
210 82 216 300
107 202 177 300
224 222 219 300
82 161 194 300
126 114 151 300
183 79 242 300
82 90 142 300
199 100 143 300
55 70 188 300
248 187 246 300
203 218 106 300
177 175 193 300
126 238 91 300
93 156 245 300
245 149 75 300
170 249 206 300
60 173 142 300
109 155 185 300
93 190 208 300
194 125 225 300
209 152 220 300
154 239 67 300
192 83 228 300
57 127 72 300
237 130 249 300
240 77 130 300
125 185 86 300
145 181 93 300
161 122 97 300
202 116 168 300
166 230 109 300
192 213 94 300
65 60 102 300
131 120 69 300
188 175 135 300
160 241 209 300
201 134 74 300
245 56 131 300
179 128 130 300
98 218 111 300
167 140 196 300
62 78 225 300
66 162 170 300
115 142 225 300
201 121 146 300
141 125 192 300
138 147 114 300
219 97 232 300
248 118 186 300
82 54 230 300
241 107 217 300
208 155 202 300
91 166 182 300
219 130 76 300
185 190 93 300
219 237 140 300
126 138 185 300
147 57 250 300
134 116 232 300
99 179 231 300
249 203 226 300
139 206 236 300
180 227 60 300
107 239 83 300
189 87 104 300
117 244 63 300
240 118 197 300
236 111 125 300
143 143 70 300
238 161 80 300
246 137 179 300
224 186 213 300
193 91 105 300
222 95 175 300
108 236 105 300
216 67 58 300
64 143 104 300
232 61 232 300
140 164 56 300
228 177 242 300
130 249 63 300
221 58 248 300
220 120 111 300
190 77 124 300
175 228 136 300
153 134 69 300
94 55 99 300
55 196 135 300
65 185 208 300
133 165 186 300
165 215 219 300
233 144 100 300
223 205 188 300
159 131 141 300
177 62 82 300
203 142 159 300
108 215 135 300
146 250 52 300
150 211 245 300
203 59 211 300
187 123 203 300
135 137 233 300
163 216 169 300
90 200 202 300
92 237 83 300
59 114 180 300
82 102 84 300
123 123 105 300
117 149 88 300
138 105 223 300
101 77 218 300
122 197 111 300
70 71 122 300
129 74 133 300
203 245 221 300
54 155 132 300
110 210 95 300
205 53 106 300
173 181 164 300
127 180 100 300
132 195 149 300
140 94 122 300
107 156 152 300
114 77 124 300
248 162 205 300
245 159 135 300
244 79 89 300
74 217 230 300
168 243 237 300
121 139 97 300
193 216 214 300
98 116 185 300
77 202 59 300
126 182 90 300
210 151 190 300
111 212 203 300
89 61 72 300
242 249 230 300
62 105 113 300
215 101 109 300
76 192 192 300
87 120 172 300
90 181 115 300
93 206 146 300
108 111 162 300
102 206 58 300
169 128 202 300
197 83 133 300
184 245 201 300
243 99 98 300
124 235 67 300
206 206 241 300
202 115 138 300
192 158 164 300
219 68 152 300
188 247 129 300
234 182 208 300
239 102 100 300
87 180 201 300
228 147 158 300
151 191 63 300
110 82 249 300
104 192 191 300
244 206 204 300
58 189 89 300
154 51 245 300
195 151 186 300
106 222 59 300
174 227 190 300
189 151 72 300
124 83 187 300
136 239 116 300
102 199 79 300
213 135 94 300
74 187 82 300
165 107 103 300
139 95 138 300
165 125 140 300
162 85 108 300
158 144 230 300
176 57 160 300
152 163 103 300
122 114 55 300
148 143 77 300
163 182 165 300
65 154 243 300
78 69 200 300
127 96 196 300
60 151 221 300
222 221 73 300
110 141 156 300
208 132 189 300
73 167 52 300
237 230 214 300
153 62 157 300
227 87 217 300
86 189 201 300
77 116 180 300
199 196 93 300
85 115 138 300
173 170 69 300
196 116 146 300
132 211 115 300
72 151 191 300
114 65 179 300
200 86 240 300
192 240 95 300
137 219 79 300
167 197 122 300
207 153 158 300
238 216 124 300
64 70 214 300
228 87 177 300
58 229 208 300
80 193 198 300
246 225 73 300
215 123 217 300
201 221 165 300
186 80 106 300
108 164 154 300
117 249 58 300
193 158 54 300
207 106 246 300
184 56 138 300
174 168 223 300
96 119 181 300
96 96 189 300
183 89 202 300
134 152 136 300
234 164 110 300
122 167 64 300
243 61 118 300
219 165 58 300
88 187 53 300
150 126 205 300
106 202 93 300
232 114 173 300
82 235 237 300
66 124 121 300
112 51 73 300
133 166 175 300
56 131 134 300
129 131 129 300
149 207 112 300
138 61 64 300
148 83 201 300
90 63 63 300
131 80 78 300
123 189 123 300
137 119 117 300
92 145 55 300
250 95 66 300
73 91 186 300
218 128 97 300
77 181 146 300
136 65 108 300
168 78 103 300
102 112 175 300
242 53 94 300
89 229 248 300
63 66 56 300
209 137 237 300
230 68 98 300
125 143 71 300
147 211 52 300
83 151 240 300
215 216 96 300
111 150 76 300
63 249 57 300
128 110 86 300
173 249 126 300
113 216 100 300
96 236 165 300
114 83 201 300
55 234 151 300
126 100 185 300
59 196 106 300
53 189 139 300
102 176 97 300
128 104 202 300
128 217 129 300
119 69 178 300
189 132 122 300
208 107 226 300
205 223 133 300
76 166 226 300
169 140 230 300
116 154 173 300
235 225 193 300
128 197 174 300
148 211 243 300
183 124 72 300
151 248 54 300
186
66 209 176 300
217 155 183 300
146 232 148 300
95 134 224 300
148 233 83 300
74 232 232 300
229 243 149 300
132 156 94 300
102 185 112 300
230 227 73 300
116 135 117 300
137 167 107 300
79 53 180 300
119 125 172 300
186 245 236 300
76 242 184 300
200 177 188 300
245 59 52 300
174 117 223 300
114 71 244 300
218 73 151 300
167 109 236 300
129 200 228 300
155 157 123 300
106 206 137 300
202 187 103 300
125 140 172 300
55 69 102 300
223 235 130 300
117 120 247 300
151 125 199 300
210 96 248 300
108 156 60 300
200 79 65 300
61 110 98 300
91 165 91 300
170 196 245 300
114 235 192 300
101 149 81 300
156 102 116 300
99 178 144 300
67 169 112 300
161 98 191 300
206 205 138 300
166 99 130 300
174 142 82 300
85 213 83 300
232 179 176 300
92 115 168 300
71 226 140 300
184 234 230 300
191 107 212 300
199 71 96 300
203 65 77 300
119 144 95 300
249 55 234 300
95 198 65 300
234 66 233 300
143 125 209 300
228 197 204 300
206 115 103 300
146 224 137 300
89 176 123 300
184 51 81 300
137 112 248 300
214 180 200 300
248 151 88 300
160 70 93 300
62 59 52 300
175 182 86 300
173 138 83 300
187 125 53 300
221 199 158 300
247 161 102 300
118 136 100 300
55 118 200 300
223 80 209 300
89 242 168 300
109 153 229 300
86 51 51 300
172 165 168 300
61 144 170 300
148 90 201 300
186 113 174 300
244 99 110 300
205 51 129 300
202 130 64 300
234 191 245 300
129 66 222 300
236 66 74 300
225 60 243 300
90 100 88 300
225 54 237 300
106 153 95 300
97 165 99 300
218 245 93 300
142 93 118 300
55 65 106 300
180 230 212 300
106 240 133 300
213 141 233 300
90 230 161 300
223 59 250 300
220 65 136 300
89 70 189 300
155 187 172 300
199 244 203 300
204 83 93 300
245 183 116 300
52 152 198 300
245 125 193 300
63 203 92 300
132 79 93 300
137 215 94 300
88 156 158 300
199 98 170 300
58 222 107 300
240 244 111 300
91 170 198 300
228 240 203 300
102 180 184 300
234 130 126 300
164 54 91 300
92 119 122 300
221 203 53 300
175 59 185 300
182 89 184 300
224 208 63 300
76 226 107 300
201 77 69 300
143 153 243 300
117 137 199 300
236 181 93 300
180 100 125 300
108 170 101 300
204 110 197 300
180 134 162 300
246 159 129 300
81 132 85 300
126 244 61 300
85 123 186 300
216 180 123 300
222 201 93 300
127 197 235 300
196 154 99 300
141 163 213 300
191 74 117 300
59 159 66 300
62 127 76 300
203 72 75 300
183 241 195 300
229 147 199 300
238 172 108 300
248 203 228 300
205 81 89 300
73 72 146 300
172 231 82 300
70 84 239 300
107 122 250 300
224 130 168 300
161 215 132 300
232 226 245 300
163 85 209 300
71 107 110 300
163 115 138 300
148 175 137 300
149 64 148 300
102 211 66 300
156 204 135 300
203 146 91 300
186 129 229 300
140 207 190 300
80 137 154 300
93 151 160 300
108 73 218 300
128 198 93 300
55 97 248 300
72 128 180 300
208 169 105 300
233 143 174 300
149 229 244 300
158 196 106 300
133 58 191 300
95 116 57 300
145 206 56 300
113 178 61 300
400
221 52 103 300
178 97 180 300
219 84 174 300
76 177 82 300
142 74 92 300
224 216 182 300
85 193 80 300
114 214 129 300
192 57 106 300
203 93 62 300
73 129 63 300
247 185 157 300
74 105 133 300
176 227 101 300
75 66 211 300
63 196 245 300
208 129 169 300
212 204 77 300
55 148 92 300
192 225 60 300
249 139 92 300
189 164 215 300
200 86 239 300
218 85 92 300
172 151 121 300
189 177 82 300
131 81 231 300
116 79 97 300
98 122 111 300
187 140 85 300
137 67 72 300
197 164 158 300
216 125 152 300
203 203 214 300
180 197 144 300
160 167 181 300
69 229 193 300
193 234 143 300
135 133 198 300
52 121 152 300
162 97 114 300
237 216 165 300
76 119 133 300
143 212 230 300
127 243 197 300
105 246 169 300
241 199 105 300
99 104 160 300
127 76 200 300
186 245 168 300
167 238 246 300
236 100 115 300
220 151 97 300
144 100 68 300
174 95 172 300
138 230 96 300
209 136 179 300
179 114 187 300
181 59 194 300
177 230 172 300
85 206 226 300
69 62 68 300
250 177 206 300
141 81 235 300
108 204 101 300
58 111 173 300
77 171 86 300
135 169 70 300
214 148 244 300
242 69 215 300
246 127 208 300
131 158 248 300
199 187 119 300
188 177 100 300
58 102 207 300
124 183 149 300
132 175 85 300
165 93 229 300
109 97 235 300
221 195 130 300
134 226 206 300
154 207 215 300
172 206 223 300
245 138 241 300
139 239 77 300
54 214 212 300
136 206 240 300
124 222 180 300
120 117 118 300
225 103 165 300
186 220 128 300
248 109 106 300
226 203 206 300
85 242 125 300
73 223 52 300
246 66 247 300
187 149 171 300
159 172 147 300
109 56 152 300
171 133 103 300
228 214 170 300
104 227 174 300
135 76 161 300
93 71 226 300
101 243 217 300
91 193 130 300
231 147 90 300
108 101 236 300
195 112 161 300
63 100 220 300
84 155 209 300
222 222 104 300
194 97 181 300
94 95 123 300
174 164 67 300
123 108 231 300
207 51 124 300
226 84 61 300
107 66 62 300
56 213 57 300
182 249 150 300
118 176 83 300
101 158 92 300
238 102 102 300
152 133 74 300
73 99 244 300
173 168 242 300
122 176 163 300
248 135 172 300
195 169 124 300
56 56 59 300
240 216 140 300
84 70 172 300
206 234 168 300
94 111 81 300
217 158 80 300
248 52 105 300
128 242 93 300
123 112 203 300
204 101 75 300
107 153 220 300
197 121 147 300
193 85 239 300
193 57 68 300
55 69 182 300
157 113 104 300
57 89 121 300
69 211 95 300
88 189 208 300
64 104 98 300
61 192 244 300
120 211 176 300
163 213 82 300
204 200 194 300
243 109 186 300
110 171 243 300
208 147 223 300
211 138 177 300
248 225 193 300
181 176 146 300
51 231 195 300
98 134 164 300
241 236 211 300
206 109 116 300
58 203 100 300
216 57 186 300
243 126 208 300
75 131 137 300
208 135 206 300
66 100 230 300
65 55 88 300
120 192 218 300
230 159 226 300
211 162 80 300
222 245 77 300
128 157 61 300
70 190 70 300
171 102 62 300
56 158 73 300
201 179 163 300
187 153 165 300
116 142 70 300
62 105 163 300
164 245 91 300
130 70 231 300
203 103 232 300
173 151 228 300
210 85 247 300
95 138 218 300
234 139 67 300
186 51 72 300
184 81 186 300
92 147 163 300
250 62 163 300
67 67 133 300
121 211 194 300
224 171 92 300
132 92 250 300
99 102 207 300
208 197 202 300
187 247 185 300
141 140 205 300
222 240 226 300
113 93 97 300
172 188 106 300
232 212 235 300
100 177 112 300
160 198 172 300
186 95 158 300
109 180 228 300
158 208 197 300
99 115 100 300
116 75 174 300
67 94 221 300
217 81 57 300
74 169 214 300
107 236 134 300
94 128 187 300
114 69 65 300
166 185 132 300
177 214 89 300
165 101 107 300
55 78 162 300
234 227 107 300
170 238 102 300
100 82 149 300
185 148 189 300
193 126 136 300
173 63 146 300
243 145 244 300
156 193 52 300
177 74 143 300
211 130 147 300
140 72 92 300
195 131 152 300
217 104 246 300
132 174 122 300
236 249 108 300
104 200 193 300
54 172 225 300
206 70 215 300
70 236 64 300
153 83 229 300
83 142 221 300
220 237 145 300
242 237 220 300
72 179 102 300
234 197 76 300
105 177 130 300
51 127 75 300
140 173 63 300
210 201 93 300
92 121 171 300
178 135 102 300
135 146 250 300
81 227 245 300
196 185 249 300
93 76 58 300
70 109 88 300
175 64 183 300
127 77 201 300
195 118 62 300
208 129 92 300
200 201 208 300
113 188 239 300
239 170 206 300
115 131 140 300
235 220 213 300
59 68 101 300
99 62 141 300
86 69 223 300
234 230 171 300
163 150 120 300
51 158 175 300
227 219 57 300
101 103 220 300
96 187 195 300
193 179 248 300
221 145 210 300
58 155 223 300
246 56 230 300
128 70 62 300
56 107 126 300
56 114 207 300
156 68 145 300
107 243 74 300
84 117 220 300
99 133 76 300
147 51 220 300
120 196 199 300
192 149 242 300
243 215 73 300
133 201 84 300
203 205 175 300
130 89 195 300
186 250 130 300
132 135 215 300
215 113 94 300
190 63 96 300
170 165 227 300
122 136 149 300
182 134 194 300
123 134 211 300
80 199 237 300
117 80 199 300
149 112 158 300
125 51 68 300
218 174 247 300
127 168 245 300
67 61 95 300
169 53 92 300
177 129 103 300
176 216 183 300
239 242 164 300
235 117 51 300
54 115 65 300
94 197 127 300
222 132 172 300
248 219 68 300
234 153 183 300
161 190 226 300
159 104 150 300
73 135 149 300
94 58 236 300
117 158 196 300
65 180 66 300
80 234 201 300
80 100 92 300
153 190 113 300
116 184 89 300
228 193 96 300
142 174 61 300
87 165 65 300
56 230 224 300
78 168 155 300
225 100 128 300
83 218 99 300
182 170 201 300
228 222 149 300
194 142 69 300
167 60 193 300
108 169 166 300
191 93 151 300
111 199 165 300
74 115 108 300
180 137 66 300
195 182 133 300
166 57 52 300
89 114 129 300
122 98 176 300
180 59 216 300
154 112 139 300
129 159 206 300
179 76 198 300
187 86 132 300
182 128 63 300
72 231 162 300
107 98 217 300
70 109 53 300
184 164 100 300
245 235 186 300
166 83 192 300
223 55 196 300
76 216 88 300
107 109 198 300
99 214 133 300
139 150 193 300
132 218 144 300
75 227 123 300
231 134 97 300
152 147 123 300
64 105 141 300
77 58 171 300
114 86 245 300
150 201 237 300
73 114 65 300
236 151 249 300
138 88 206 300
120 118 185 300
66 158 131 300
98 139 52 300
197 94 229 300
116 212 92 300
54 215 103 300
173 248 209 300
57 73 97 300
77 62 212 300
67 208 55 300
235 188 66 300
167 69 180 300
126 91 219 300
112 66 116 300
151 89 198 300
123 165 205 300
211 73 119 300
98 237 193 300
64 72 222 300
115 142 136 300
143 180 225 300
106 217 154 300
345
96 90 50 300
230 217 50 300
189 180 84 300
56 64 228 300
169 143 63 300
106 124 125 300
93 71 111 300
151 145 47 300
167 89 63 300
53 200 208 300
79 67 50 300
68 221 171 300
222 133 110 300
226 203 100 300
176 100 146 300
106 143 89 300
110 151 179 300
61 46 224 300
156 54 102 300
154 152 82 300
111 97 208 300
156 108 87 300
202 65 238 300
111 180 138 300
192 141 142 300
101 148 54 300
142 227 111 300
130 137 186 300
221 140 241 300
233 193 134 300
143 242 96 300
243 62 149 300
171 239 74 300
100 130 179 300
155 155 199 300
93 210 207 300
213 180 215 300
143 124 65 300
186 107 64 300
242 178 136 300
142 124 108 300
63 183 98 300
105 63 148 300
106 176 164 300
58 239 188 300
158 62 183 300
88 140 185 300
58 245 86 300
63 129 150 300
224 186 53 300
244 171 198 300
234 124 204 300
107 52 212 300
208 183 69 300
56 185 178 300
163 126 78 300
235 195 79 300
233 96 212 300
167 201 68 300
195 186 177 300
178 237 69 300
112 129 205 300
169 109 109 300
109 227 198 300
172 155 147 300
121 175 165 300
72 103 152 300
93 202 177 300
86 128 145 300
139 241 174 300
227 89 132 300
75 91 242 300
104 47 119 300
199 199 120 300
118 151 69 300
242 93 159 300
118 172 179 300
77 157 153 300
116 89 69 300
223 184 230 300
125 189 126 300
186 241 189 300
114 138 149 300
244 81 56 300
69 221 214 300
109 207 128 300
147 61 180 300
60 211 180 300
81 85 161 300
64 84 162 300
65 61 153 300
241 225 78 300
62 110 106 300
95 143 168 300
195 99 194 300
162 131 177 300
109 162 68 300
93 71 194 300
240 236 200 300
175 76 120 300
131 93 200 300
145 89 193 300
58 142 61 300
203 55 107 300
152 90 226 300
62 236 49 300
159 66 52 300
102 188 136 300
152 60 67 300
217 210 203 300
205 75 120 300
74 171 129 300
138 206 130 300
216 75 204 300
132 170 93 300
61 215 229 300
71 77 83 300
162 63 117 300
215 67 86 300
108 241 242 300
116 150 70 300
113 203 48 300
140 232 217 300
67 119 54 300
59 89 173 300
169 78 130 300
192 73 58 300
164 73 60 300
113 233 199 300
95 84 77 300
110 98 133 300
53 100 126 300
109 56 71 300
121 190 188 300
123 198 136 300
92 104 158 300
57 58 185 300
195 83 110 300
215 234 115 300
106 165 55 300
154 69 78 300
178 228 121 300
52 67 76 300
98 95 120 300
66 163 149 300
128 71 130 300
245 224 143 300
94 84 185 300
179 139 110 300
146 157 225 300
204 202 101 300
230 201 197 300
168 72 183 300
54 186 193 300
94 60 231 300
60 200 93 300
244 119 202 300
146 199 92 300
62 190 226 300
219 243 240 300
50 174 87 300
65 153 182 300
135 208 162 300
227 209 102 300
175 168 239 300
123 244 197 300
197 208 166 300
176 193 126 300
232 143 111 300
162 198 89 300
106 161 87 300
161 96 121 300
102 55 195 300
97 168 63 300
219 79 208 300
230 217 150 300
74 86 95 300
112 177 112 300
210 127 163 300
214 73 169 300
138 67 149 300
60 199 193 300
71 205 203 300
118 117 191 300
126 150 180 300
202 149 47 300
137 95 73 300
47 137 222 300
210 58 67 300
103 169 142 300
52 96 122 300
162 203 155 300
180 176 77 300
183 55 151 300
118 124 188 300
171 57 101 300
226 158 64 300
222 56 151 300
184 165 114 300
92 216 122 300
132 158 211 300
73 153 97 300
180 221 214 300
230 170 229 300
130 129 167 300
50 214 65 300
236 149 124 300
244 224 75 300
71 86 222 300
81 183 74 300
111 192 118 300
233 156 241 300
176 88 82 300
96 124 47 300
115 205 63 300
241 140 165 300
64 208 191 300
49 199 185 300
129 152 131 300
177 158 234 300
99 153 218 300
186 111 103 300
87 214 86 300
51 211 186 300
85 87 69 300
93 173 135 300
164 86 71 300
139 161 129 300
116 164 140 300
210 102 61 300
101 229 47 300
62 125 120 300
62 69 58 300
205 152 191 300
56 167 169 300
129 221 87 300
171 208 132 300
60 69 118 300
142 195 139 300
189 226 91 300
47 184 245 300
240 82 168 300
228 60 47 300
243 102 72 300
199 206 76 300
240 216 56 300
129 190 171 300
116 87 166 300
191 209 193 300
87 98 68 300
138 50 211 300
85 232 105 300
200 145 199 300
203 106 98 300
70 54 213 300
99 165 181 300
220 130 151 300
203 179 61 300
77 201 198 300
237 174 95 300
139 113 168 300
238 81 188 300
109 102 208 300
235 150 58 300
124 189 198 300
153 85 132 300
178 119 55 300
200 113 235 300
222 189 140 300
126 72 118 300
216 101 102 300
85 147 229 300
98 219 110 300
60 213 118 300
229 61 226 300
223 157 185 300
96 96 98 300
114 121 163 300
91 186 158 300
174 140 46 300
59 179 171 300
244 148 60 300
94 71 170 300
78 185 138 300
185 105 147 300
192 68 103 300
197 98 225 300
195 168 105 300
210 225 189 300
189 175 100 300
83 87 167 300
214 184 55 300
103 178 79 300
133 161 146 300
211 242 85 300
197 92 184 300
232 81 98 300
215 147 68 300
111 234 233 300
119 214 194 300
128 179 99 300
125 71 71 300
99 182 137 300
188 140 155 300
89 233 60 300
59 235 114 300
83 54 219 300
137 205 120 300
226 201 199 300
74 216 98 300
72 200 71 300
213 86 115 300
66 168 134 300
227 178 46 300
166 214 109 300
134 114 158 300
209 83 101 300
115 138 235 300
55 226 116 300
150 210 226 300
214 112 99 300
168 177 193 300
125 138 197 300
129 186 47 300
231 238 118 300
163 102 189 300
245 225 109 300
157 73 63 300
82 71 149 300
123 101 175 300
50 244 49 300
128 72 109 300
217 225 51 300
111 73 236 300
115 126 98 300
91 239 163 300
176 215 79 300
173 219 239 300
84 140 135 300
201 222 75 300
226 157 173 300
118 173 213 300
69 177 63 300
65 54 206 300
114 234 203 300
160
110 140 99 300
119 230 108 300
182 56 201 300
190 85 244 300
218 232 240 300
191 244 114 300
70 121 133 300
158 224 170 300
156 211 180 300
119 176 179 300
237 191 166 300
90 110 65 300
77 88 227 300
91 187 127 300
127 196 150 300
64 159 188 300
174 204 146 300
195 242 202 300
129 238 133 300
114 148 139 300
159 138 175 300
84 175 108 300
129 149 242 300
159 58 172 300
196 238 181 300
105 227 242 300
179 199 72 300
210 86 183 300
242 123 119 300
117 195 157 300
174 155 122 300
148 165 187 300
228 147 218 300
178 84 181 300
235 113 101 300
115 197 81 300
69 69 203 300
175 55 129 300
120 89 149 300
90 99 180 300
206 171 140 300
118 239 211 300
150 233 214 300
51 237 168 300
102 56 92 300
84 179 78 300
136 138 169 300
113 53 93 300
144 95 138 300
157 217 147 300
173 203 100 300
124 225 124 300
114 155 117 300
228 53 185 300
113 128 59 300
113 125 130 300
188 124 197 300
162 81 232 300
132 242 244 300
248 249 181 300
165 168 68 300
173 100 108 300
142 56 180 300
132 133 128 300
242 102 176 300
185 122 171 300
56 78 65 300
80 207 62 300
75 107 149 300
150 115 150 300
236 139 153 300
188 64 68 300
218 164 203 300
176 230 67 300
243 167 195 300
196 231 193 300
135 60 188 300
105 209 216 300
87 187 79 300
200 250 173 300
133 193 131 300
111 112 177 300
152 104 177 300
55 56 107 300
249 81 143 300
230 92 220 300
241 195 222 300
207 137 233 300
215 69 179 300
202 214 169 300
153 244 221 300
116 93 60 300
180 127 216 300
104 120 166 300
96 241 168 300
130 73 153 300
127 207 182 300
99 152 54 300
218 156 222 300
93 70 86 300
101 88 248 300
142 135 53 300
126 167 167 300
88 95 216 300
126 69 215 300
117 250 243 300
154 76 99 300
77 172 214 300
68 152 122 300
118 175 171 300
198 123 80 300
161 232 238 300
109 99 86 300
180 169 111 300
57 101 78 300
179 82 61 300
196 210 235 300
61 247 128 300
193 202 154 300
72 114 115 300
225 238 83 300
158 187 103 300
230 81 237 300
248 57 123 300
153 65 134 300
80 126 145 300
153 79 100 300
192 113 113 300
249 245 52 300
98 107 179 300
156 130 242 300
235 234 242 300
164 58 79 300
187 83 55 300
96 141 164 300
231 80 218 300
146 184 219 300
239 162 98 300
51 123 205 300
174 95 216 300
172 89 181 300
160 60 132 300
210 150 223 300
168 138 59 300
119 186 231 300
119 72 240 300
69 247 181 300
247 56 238 300
198 139 140 300
149 53 93 300
65 224 97 300
157 190 196 300
244 109 151 300
117 183 171 300
110 57 85 300
122 165 208 300
123 70 248 300
133 185 114 300
53 51 200 300
142 144 240 300
487
96 214 212 300
57 143 145 300
153 179 188 300
101 179 85 300
132 69 73 300
132 103 66 300
165 197 39 300
59 113 81 300
46 60 225 300
161 180 115 300
83 83 225 300
134 120 200 300
38 152 113 300
137 71 147 300
128 172 168 300
199 85 121 300
83 61 195 300
142 215 170 300
54 65 108 300
192 156 202 300
159 164 34 300
142 93 166 300
50 172 109 300
31 145 83 300
137 101 183 300
216 55 88 300
129 178 119 300
184 50 89 300
210 220 218 300
94 92 206 300
54 85 194 300
210 91 40 300
218 50 104 300
210 73 203 300
67 48 167 300
71 38 38 300
77 55 200 300
42 200 38 300
88 196 125 300
149 126 162 300
118 201 130 300
152 216 138 300
139 98 87 300
66 200 95 300
153 214 219 300
83 182 123 300
50 130 73 300
224 85 172 300
194 138 191 300
125 59 136 300
44 51 155 300
51 139 142 300
187 81 43 300
211 211 107 300
69 161 57 300
129 213 136 300
193 80 229 300
135 52 60 300
64 95 145 300
78 83 166 300
91 86 37 300
47 169 133 300
81 73 52 300
100 81 35 300
87 34 125 300
142 153 113 300
136 174 66 300
92 225 57 300
65 216 168 300
154 75 140 300
69 118 184 300
148 62 182 300
57 166 129 300
75 174 72 300
172 214 217 300
171 73 172 300
104 83 39 300
33 49 169 300
91 201 177 300
221 134 85 300
212 209 52 300
140 158 227 300
48 169 132 300
70 170 109 300
65 165 102 300
139 73 172 300
137 37 196 300
84 83 142 300
69 115 58 300
110 192 37 300
229 224 205 300
121 37 128 300
61 33 201 300
97 206 172 300
57 210 91 300
46 102 144 300
155 148 44 300
109 180 39 300
102 87 95 300
222 105 70 300
53 62 193 300
47 176 78 300
92 105 101 300
165 109 87 300
49 196 110 300
163 33 160 300
219 102 93 300
118 40 58 300
36 50 179 300
112 137 39 300
56 92 160 300
46 73 135 300
41 223 175 300
176 160 132 300
116 97 163 300
88 64 73 300
52 223 220 300
156 138 100 300
45 133 94 300
49 106 95 300
104 116 65 300
121 46 214 300
140 225 60 300
223 177 115 300
223 102 35 300
193 157 42 300
71 133 88 300
68 36 45 300
70 205 42 300
42 161 185 300
32 180 117 300
135 81 108 300
33 89 219 300
163 216 88 300
126 54 186 300
207 182 56 300
203 123 141 300
134 174 179 300
207 162 56 300
136 46 43 300
185 229 80 300
201 96 204 300
191 68 164 300
178 66 224 300
173 36 71 300
215 221 184 300
204 220 141 300
83 51 30 300
122 171 69 300
168 33 192 300
206 212 104 300
182 95 175 300
111 78 90 300
175 188 64 300
132 76 57 300
77 196 112 300
190 99 179 300
33 142 204 300
35 170 51 300
48 44 189 300
219 79 59 300
51 56 155 300
93 175 150 300
200 195 169 300
166 140 70 300
218 159 112 300
72 169 150 300
148 225 131 300
172 188 140 300
137 224 48 300
34 132 91 300
176 226 143 300
170 93 166 300
218 221 157 300
37 143 213 300
191 196 216 300
168 199 171 300
141 81 218 300
227 56 172 300
182 96 61 300
103 124 215 300
42 127 133 300
121 136 41 300
224 206 187 300
192 175 47 300
96 63 141 300
95 182 206 300
49 33 96 300
214 193 223 300
46 127 174 300
126 143 179 300
153 151 91 300
172 164 198 300
191 135 57 300
71 57 153 300
105 158 190 300
170 141 212 300
138 122 226 300
181 35 74 300
227 150 165 300
58 89 44 300
49 72 194 300
61 204 152 300
80 74 153 300
87 103 199 300
57 155 131 300
201 119 130 300
181 193 64 300
39 195 147 300
149 33 155 300
125 99 109 300
93 168 200 300
88 205 159 300
159 143 129 300
213 157 226 300
63 179 137 300
176 83 47 300
44 177 98 300
66 45 93 300
82 178 148 300
213 152 44 300
133 214 105 300
189 133 220 300
153 115 163 300
138 169 30 300
168 201 76 300
56 115 108 300
123 188 174 300
62 96 141 300
86 62 195 300
192 133 228 300
102 39 63 300
214 49 181 300
197 73 192 300
120 153 222 300
129 172 37 300
169 179 36 300
103 35 135 300
93 40 134 300
189 33 120 300
68 114 100 300
157 135 196 300
219 226 37 300
106 77 107 300
196 112 137 300
64 191 114 300
114 35 104 300
115 150 64 300
217 141 45 300
39 166 165 300
30 52 227 300
211 154 195 300
222 106 189 300
160 162 120 300
36 161 142 300
130 45 153 300
79 127 149 300
43 149 226 300
36 203 192 300
104 228 103 300
99 216 154 300
74 208 124 300
72 94 53 300
56 220 55 300
208 168 201 300
143 185 106 300
143 221 103 300
198 86 187 300
180 177 172 300
79 168 220 300
131 74 46 300
129 160 132 300
181 122 200 300
127 97 64 300
30 214 174 300
167 217 171 300
165 143 193 300
100 81 184 300
201 198 102 300
136 171 155 300
218 143 132 300
221 126 41 300
126 146 113 300
208 85 209 300
209 88 97 300
159 131 103 300
175 136 177 300
48 63 33 300
42 86 103 300
55 91 40 300
205 224 77 300
136 189 33 300
69 96 134 300
155 147 167 300
186 175 85 300
100 145 71 300
46 49 202 300
205 193 102 300
197 32 79 300
82 115 221 300
167 95 190 300
30 89 125 300
118 100 176 300
93 54 144 300
128 151 202 300
122 177 188 300
96 181 139 300
226 84 96 300
160 65 121 300
187 160 63 300
182 217 96 300
102 191 151 300
207 61 154 300
50 30 137 300
170 188 209 300
30 45 83 300
87 173 217 300
167 74 227 300
135 73 211 300
102 114 181 300
200 45 32 300
125 67 113 300
200 222 86 300
161 153 78 300
84 115 165 300
57 132 133 300
139 217 56 300
210 62 192 300
32 167 95 300
187 87 152 300
78 123 85 300
114 170 175 300
192 169 219 300
75 216 71 300
96 170 208 300
124 220 140 300
221 171 112 300
91 165 178 300
55 98 35 300
74 110 219 300
93 144 194 300
58 210 223 300
39 116 138 300
45 149 39 300
84 65 210 300
138 186 112 300
77 109 94 300
127 138 190 300
85 58 203 300
146 199 168 300
57 154 154 300
188 35 47 300
126 95 165 300
226 144 198 300
209 199 77 300
70 182 138 300
40 89 83 300
112 147 45 300
103 167 203 300
120 158 92 300
32 83 140 300
176 196 54 300
159 221 81 300
176 127 122 300
199 137 171 300
119 199 227 300
153 163 223 300
49 183 203 300
81 66 144 300
213 170 203 300
217 43 118 300
93 140 133 300
216 112 97 300
205 131 226 300
178 40 187 300
163 91 55 300
83 225 182 300
219 184 120 300
37 94 83 300
95 71 151 300
120 111 129 300
188 185 175 300
205 170 228 300
79 31 47 300
170 95 177 300
228 109 104 300
102 150 198 300
98 180 74 300
198 181 163 300
153 144 30 300
223 154 184 300
93 100 134 300
105 39 195 300
96 172 103 300
184 68 182 300
154 209 213 300
142 105 75 300
43 95 108 300
120 157 164 300
85 147 118 300
156 161 162 300
155 122 92 300
39 93 57 300
53 145 56 300
210 59 180 300
67 70 118 300
172 226 123 300
122 218 44 300
117 118 207 300
46 216 149 300
109 218 164 300
180 210 84 300
121 168 108 300
211 157 229 300
131 151 227 300
154 83 92 300
116 153 189 300
213 191 112 300
180 55 127 300
39 49 117 300
204 142 165 300
88 137 219 300
135 215 46 300
66 91 121 300
180 62 49 300
194 107 136 300
118 168 110 300
123 125 111 300
127 108 32 300
153 169 209 300
193 197 53 300
148 106 141 300
144 53 228 300
43 228 135 300
225 172 112 300
77 73 97 300
170 123 149 300
145 205 108 300
100 93 200 300
98 125 84 300
165 161 53 300
223 190 177 300
36 40 174 300
200 120 34 300
96 75 211 300
75 110 96 300
144 81 66 300
84 158 118 300
172 147 92 300
115 166 168 300
160 54 228 300
57 67 120 300
139 206 183 300
147 157 153 300
89 44 97 300
120 142 116 300
147 229 45 300
226 211 184 300
103 186 94 300
88 222 49 300
199 130 49 300
152 201 159 300
187 90 83 300
30 198 172 300
125 42 52 300
85 193 147 300
69 169 209 300
190 31 163 300
45 99 49 300
58 161 204 300
47 107 164 300
154 145 94 300
69 188 91 300
76 168 88 300
89 172 61 300
62 99 153 300
145 203 40 300
178 210 138 300
191 91 80 300
47 124 198 300
130 89 213 300
104 66 37 300
124 224 102 300
219 105 115 300
140 123 222 300
92 81 134 300
203 79 127 300
0

