434
89 0 63 27
46 52 94 11
15 85 94 34
71 96 61 93
52 53 28 86
17 47 18 4
54 79 58 11
81 4 5 3
38 55 44 50
53 66 16 25
36 39 14 8
42 28 38 76
69 37 47 18
30 41 46 96
69 11 64 43
60 84 46 27
18 99 50 70
45 26 27 80
36 13 52 95
4 69 48 19
87 66 20 0
49 58 36 78
30 53 94 58
46 19 16 84
6 60 5 24
76 6 78 10
2 3 54 24
68 97 37 69
68 36 71 14
13 13 87 98
76 29 29 73
58 84 67 60
54 24 69 77
24 81 2 69
59 68 9 5
82 38 6 16
12 89 66 73
31 22 74 86
64 85 16 0
90 64 56 50
2 90 55 20
63 86 70 71
9 24 28 65
77 80 64 61
62 42 71 95
41 61 62 5
48 10 18 86
24 39 30 29
11 59 56 66
46 91 30 72
6 60 12 42
52 6 33 92
52 55 25 99
32 24 2 97
48 19 99 73
71 10 61 12
70 37 71 41
87 40 3 28
65 50 69 21
98 85 56 27
7 93 68 37
71 13 72 93
13 12 82 9
28 54 9 51
10 91 23 3
43 89 42 40
35 90 13 46
92 25 53 91
39 65 60 17
37 84 28 56
41 55 80 27
36 29 54 37
34 41 49 8
90 59 2 6
6 0 7 8
68 2 18 57
20 39 12 0
10 98 42 61
44 95 6 60
45 47 99 88
15 76 88 83
70 77 68 62
95 62 6 71
0 13 69 95
3 32 71 43
37 66 23 36
82 33 21 40
77 2 80 91
58 9 33 52
51 0 22 30
23 89 20 8
77 13 35 94
77 40 32 47
73 45 10 1
86 66 79 80
13 81 74 76
81 92 8 18
40 24 70 65
72 89 82 17
54 90 87 71
86 50 84 89
77 15 0 70
19 32 80 21
99 88 12 63
7 71 8 86
78 82 34 42
28 49 23 69
33 12 45 9
7 53 15 92
98 26 98 12
66 90 1 21
99 37 70 73
71 43 98 53
74 13 38 8
79 1 10 85
23 21 47 93
69 91 37 19
60 17 57 60
38 68 68 79
34 84 15 62
40 30 4 15
99 87 49 72
62 53 62 35
42 42 9 13
59 5 68 51
15 22 69 46
28 46 38 5
30 97 88 3
56 42 34 40
68 52 58 38
64 14 80 0
31 36 0 85
79 44 97 62
17 46 33 69
93 44 0 11
55 81 69 89
54 76 45 27
75 82 70 42
44 49 50 2
98 52 77 70
1 18 28 62
65 66 99 90
96 83 41 93
41 63 68 70
48 60 57 77
98 2 1 22
63 63 83 3
24 64 77 31
10 51 8 38
25 44 84 62
67 58 97 23
21 16 59 42
93 74 76 66
47 24 46 30
33 46 52 78
16 90 95 89
40 28 81 98
89 55 52 34
93 27 27 22
40 93 23 0
18 8 28 92
48 26 93 89
20 85 75 29
26 25 62 45
12 78 50 53
20 97 92 40
94 81 24 57
43 57 62 75
36 72 30 77
39 38 13 94
89 18 85 44
31 39 4 19
62 74 95 63
70 71 27 93
79 56 22 74
83 69 20 17
43 49 57 64
31 44 31 16
26 93 42 20
11 90 35 3
41 39 20 98
76 7 54 62
23 3 37 66
6 91 86 21
90 16 70 45
76 55 91 82
30 63 2 35
20 58 35 64
52 79 13 17
49 63 35 79
20 83 43 46
27 92 26 2
37 20 65 55
90 94 82 23
92 36 30 5
92 96 0 10
42 76 52 3
34 42 74 47
19 24 53 90
1 39 21 1
68 94 0 81
51 32 35 39
53 33 85 45
14 65 3 74
36 62 20 2
99 8 53 44
91 79 56 37
22 98 83 44
66 69 83 71
89 37 8 74
81 49 52 5
0 83 3 20
20 26 72 53
66 79 59 80
68 97 26 49
86 18 1 54
67 33 74 97
35 97 91 57
1 59 75 15
95 48 66 39
50 96 45 84
16 47 47 27
87 24 60 9
61 64 53 45
70 24 70 15
74 16 46 10
62 56 85 42
83 84 46 95
88 97 62 87
4 93 10 11
65 33 18 39
58 10 92 79
94 58 94 77
43 27 70 27
31 79 29 77
48 30 42 14
51 84 97 12
1 51 39 68
68 76 54 45
17 83 3 31
51 77 30 24
65 66 39 2
36 10 22 11
41 66 60 2
8 35 53 68
72 81 10 97
61 41 68 17
37 67 6 21
57 46 3 70
70 49 75 56
11 53 62 97
78 31 90 8
60 79 99 54
29 79 92 92
90 70 37 73
65 21 78 40
26 15 0 74
84 33 37 25
56 13 0 78
22 68 9 71
77 22 25 79
39 21 25 69
27 88 32 97
34 94 82 51
98 55 42 88
12 40 90 73
52 64 12 62
97 70 86 86
32 80 94 14
31 77 77 14
54 61 34 3
93 39 86 8
17 13 10 1
20 44 22 53
32 17 10 75
66 96 44 70
48 40 72 49
64 46 21 95
99 5 25 32
65 77 87 16
94 49 5 65
17 18 49 16
46 55 5 63
17 58 89 67
32 22 47 59
2 21 63 97
18 3 93 43
84 96 51 79
20 54 75 53
6 19 41 85
60 93 48 46
45 55 63 4
35 80 40 67
96 33 47 41
88 7 88 86
16 10 81 14
65 3 0 27
98 40 23 47
48 12 55 30
27 58 42 92
95 85 46 27
19 26 88 49
2 24 12 93
91 90 79 12
24 32 88 7
83 72 28 39
6 54 32 76
25 53 17 23
8 86 4 96
98 13 61 10
42 68 53 13
87 23 38 82
71 26 73 59
69 53 67 73
82 23 26 70
62 28 7 65
59 29 16 25
52 12 43 13
70 81 88 24
14 47 8 70
0 12 26 90
11 30 37 54
92 17 64 41
10 85 65 12
20 25 30 46
42 88 15 60
76 33 20 97
5 38 89 77
91 29 97 19
43 25 92 71
4 97 40 20
59 98 96 81
53 45 75 41
6 83 25 84
68 75 47 51
78 22 30 7
92 36 56 61
5 97 47 28
29 89 72 22
6 83 29 30
73 89 32 19
14 52 8 33
12 27 11 65
17 81 9 86
93 88 74 22
68 28 72 78
26 98 21 31
71 54 37 48
26 44 19 43
48 35 79 3
95 84 26 46
71 11 85 12
82 82 92 57
48 88 31 97
81 46 53 5
45 13 36 10
12 33 32 83
14 63 94 2
64 78 74 25
95 16 56 70
83 54 57 40
24 32 91 39
4 48 74 29
60 72 83 8
69 61 20 2
35 27 55 81
31 85 73 66
28 88 29 40
98 88 23 78
73 88 39 84
85 25 3 12
83 19 30 42
75 74 99 96
65 12 74 9
88 53 14 80
11 63 3 81
69 35 37 10
8 70 30 28
35 69 60 81
60 42 48 63
49 61 86 40
13 3 43 33
12 85 56 31
18 0 99 18
6 24 36 23
69 78 34 6
63 48 46 84
30 58 59 64
38 68 70 81
40 72 32 78
98 77 82 10
26 30 54 13
72 65 51 1
75 58 36 85
65 77 41 48
87 56 19 70
49 28 82 43
14 75 80 54
14 2 63 18
76 88 73 20
6 69 12 18
36 54 51 47
56 80 42 28
53 8 4 45
48 25 84 51
52 75 22 34
21 57 42 55
64 97 55 21
44 17 61 62
3 68 93 82
87 79 46 47
89 74 42 41
16 7 43 95
7 38 74 38
19 27 49 56
58 67 69 88
20 63 95 70
43 37 94 96
48 56 35 82
71 48 71 37
5 10 42 32
41 63 1 5
63 32 32 17
88 66 44 64
66 39 39 25
38 4 77 71
42 93 12 4
40 90 31 70
64 54 24 58
36 70 68 60
50 39 82 34
3 86 50 54
11 13 47 6
12 57 52 70
21
36 17 7 81
53 96 64 94
18 84 5 16
39 96 17 13
13 21 66 69
37 13 4 26
29 26 86 30
89 40 51 19
7 8 33 11
52 1 53 48
21 10 81 1
81 58 34 19
22 8 60 39
28 80 87 8
64 99 96 79
69 48 47 43
30 7 21 53
20 16 86 98
61 0 23 10
29 48 7 11
18 20 31 45
430
70 161 110 300
235 115 124 300
74 228 181 300
180 206 225 300
160 215 58 300
70 209 132 300
138 101 123 300
144 241 119 300
154 199 108 300
93 56 129 300
220 119 51 300
244 116 91 300
125 153 228 300
204 130 103 300
213 219 148 300
118 209 191 300
54 205 60 300
86 194 176 300
138 208 120 300
113 220 235 300
221 123 82 300
181 51 92 300
145 240 192 300
66 149 141 300
119 222 229 300
183 119 162 300
159 181 198 300
93 200 198 300
198 188 122 300
124 187 218 300
86 226 62 300
53 226 174 300
165 71 225 300
83 227 162 300
91 237 184 300
190 187 73 300
213 101 122 300
203 183 108 300
233 169 145 300
54 110 195 300
214 235 119 300
73 73 153 300
134 148 183 300
240 80 202 300
212 66 67 300
248 53 186 300
246 175 237 300
173 51 170 300
175 219 231 300
99 207 74 300
176 142 63 300
124 88 173 300
223 230 181 300
140 126 114 300
212 76 71 300
187 247 78 300
194 120 223 300
113 88 222 300
118 163 186 300
242 161 229 300
238 194 205 300
189 69 206 300
208 122 50 300
84 216 133 300
97 212 200 300
180 247 54 300
167 113 244 300
142 92 170 300
139 209 119 300
186 198 78 300
50 207 241 300
110 166 153 300
204 110 221 300
148 159 188 300
82 181 59 300
231 136 159 300
115 176 239 300
116 113 182 300
206 207 155 300
239 108 245 300
233 173 146 300
239 143 169 300
208 108 105 300
149 162 141 300
235 193 169 300
183 125 89 300
105 115 98 300
170 100 165 300
186 185 237 300
62 117 67 300
208 228 96 300
81 62 74 300
152 195 93 300
81 212 70 300
61 126 107 300
211 105 107 300
59 97 200 300
161 72 141 300
70 63 96 300
204 107 165 300
107 136 221 300
182 109 65 300
217 138 144 300
175 133 145 300
235 230 56 300
68 194 83 300
80 185 243 300
246 95 181 300
127 202 121 300
163 137 156 300
124 167 68 300
216 173 135 300
189 187 60 300
104 205 154 300
83 113 217 300
170 247 97 300
187 245 220 300
96 124 88 300
104 137 230 300
229 58 177 300
119 199 245 300
152 185 134 300
237 70 230 300
128 231 113 300
240 58 246 300
248 119 177 300
67 167 212 300
149 162 243 300
86 233 69 300
92 119 80 300
231 215 194 300
162 217 235 300
62 57 209 300
185 93 117 300
50 188 140 300
86 187 130 300
49 155 72 300
203 239 88 300
87 94 220 300
183 102 218 300
104 156 119 300
118 128 127 300
169 191 215 300
110 135 94 300
81 86 215 300
151 93 235 300
55 187 238 300
225 246 93 300
141 147 204 300
85 185 88 300
95 247 228 300
124 139 132 300
115 150 110 300
238 93 83 300
219 222 211 300
241 211 69 300
174 231 207 300
150 104 238 300
132 230 75 300
219 173 96 300
121 182 77 300
221 192 198 300
222 129 103 300
230 153 152 300
165 176 239 300
162 185 123 300
51 89 159 300
57 145 122 300
95 112 195 300
218 211 162 300
203 169 165 300
243 137 105 300
57 67 51 300
219 90 229 300
236 118 158 300
233 143 223 300
240 131 219 300
175 89 241 300
187 78 90 300
240 217 220 300
122 67 205 300
208 144 208 300
56 70 140 300
213 148 58 300
170 81 101 300
225 167 177 300
110 119 75 300
197 186 221 300
76 164 77 300
218 174 52 300
59 110 190 300
94 137 80 300
238 181 105 300
229 235 56 300
150 166 198 300
93 92 176 300
56 158 186 300
191 239 204 300
81 144 139 300
217 199 70 300
185 190 198 300
107 169 224 300
110 183 155 300
96 245 103 300
121 120 55 300
218 147 126 300
95 221 232 300
104 53 187 300
144 119 96 300
78 222 235 300
80 168 172 300
173 153 213 300
213 75 199 300
211 55 115 300
93 53 208 300
108 192 122 300
178 145 172 300
90 102 229 300
143 243 83 300
149 67 245 300
88 156 55 300
104 145 201 300
70 120 179 300
168 222 191 300
185 221 198 300
189 161 146 300
232 171 107 300
232 63 134 300
51 118 91 300
107 244 117 300
206 128 174 300
97 58 206 300
124 69 177 300
224 88 222 300
247 233 148 300
124 205 75 300
67 75 102 300
153 160 138 300
245 246 192 300
178 237 148 300
151 208 160 300
137 173 149 300
195 118 127 300
190 99 152 300
213 146 80 300
156 198 140 300
173 143 164 300
80 203 88 300
181 161 61 300
97 180 226 300
168 234 196 300
215 232 111 300
242 74 130 300
188 91 240 300
68 191 65 300
124 136 184 300
233 56 176 300
188 79 149 300
166 242 169 300
97 77 85 300
161 172 223 300
71 137 219 300
179 60 191 300
247 57 104 300
232 158 74 300
201 162 122 300
72 231 163 300
166 231 239 300
214 60 71 300
209 89 238 300
219 60 215 300
234 215 201 300
125 220 243 300
151 171 55 300
71 160 153 300
169 165 146 300
178 231 75 300
203 152 52 300
247 211 134 300
226 105 206 300
217 206 100 300
214 96 131 300
189 173 129 300
133 121 180 300
93 193 89 300
68 227 62 300
108 94 219 300
72 175 164 300
227 198 91 300
236 91 184 300
186 228 139 300
66 197 122 300
128 162 110 300
159 193 183 300
133 182 199 300
73 207 104 300
248 101 200 300
219 149 196 300
186 227 229 300
170 106 81 300
53 86 140 300
106 209 174 300
78 203 173 300
78 183 200 300
88 196 168 300
76 201 196 300
64 129 83 300
203 82 183 300
133 77 184 300
204 159 119 300
219 111 116 300
244 122 177 300
49 236 142 300
173 235 206 300
242 104 169 300
214 209 182 300
215 238 74 300
51 105 194 300
117 124 136 300
103 248 81 300
185 189 237 300
67 81 230 300
128 143 230 300
247 185 180 300
193 248 177 300
135 151 147 300
159 176 145 300
188 232 87 300
153 79 136 300
102 178 88 300
203 200 92 300
214 184 235 300
243 181 94 300
214 62 126 300
113 54 171 300
63 172 51 300
206 133 142 300
78 112 164 300
181 168 186 300
116 147 74 300
196 138 227 300
213 191 147 300
147 149 219 300
195 90 130 300
116 140 133 300
166 112 92 300
118 112 108 300
163 182 56 300
63 149 244 300
247 50 140 300
191 149 78 300
236 178 227 300
228 244 214 300
107 113 238 300
111 232 205 300
82 78 115 300
181 220 231 300
140 99 239 300
175 141 81 300
52 192 145 300
104 89 132 300
132 78 161 300
188 88 236 300
122 161 225 300
77 221 58 300
51 132 189 300
189 152 213 300
183 172 89 300
145 122 113 300
190 100 114 300
50 150 67 300
134 242 163 300
85 135 226 300
246 209 221 300
58 54 83 300
224 131 102 300
230 175 174 300
55 139 143 300
136 192 215 300
216 163 156 300
145 151 181 300
170 215 64 300
185 76 221 300
135 150 165 300
148 183 223 300
155 57 66 300
66 216 60 300
101 152 124 300
168 138 141 300
232 137 127 300
242 237 136 300
218 235 71 300
97 139 95 300
190 181 141 300
176 118 177 300
74 244 55 300
75 54 101 300
230 233 94 300
124 57 137 300
192 223 58 300
96 242 135 300
246 93 178 300
107 84 51 300
132 63 213 300
78 185 239 300
53 159 104 300
98 153 110 300
190 118 238 300
248 113 210 300
245 196 169 300
63 243 158 300
219 120 70 300
49 224 89 300
103 167 216 300
127 142 169 300
221 200 143 300
89 216 152 300
78 136 74 300
151 110 112 300
246 247 202 300
194 220 102 300
242 71 178 300
235 186 238 300
138 56 159 300
213 94 188 300
65 83 76 300
194 55 113 300
247 123 200 300
196 115 154 300
203 62 171 300
456
38 35 67 37
29 70 63 86
26 28 49 35
56 55 24 7
61 10 39 5
96 96 23 57
49 38 69 51
53 69 41 90
30 27 93 20
20 39 15 92
52 17 70 19
95 71 94 16
37 69 77 22
74 82 95 23
71 98 76 23
73 98 43 95
19 58 15 57
41 27 64 74
91 41 87 86
30 83 26 1
52 64 97 31
66 21 92 56
73 15 45 65
8 84 0 79
99 48 74 0
72 19 12 60
47 0 39 49
54 60 37 16
81 25 60 43
58 8 44 40
5 86 33 81
34 83 42 31
82 88 99 73
9 27 38 28
87 86 81 1
85 68 76 71
87 99 17 12
53 4 15 22
54 1 52 77
39 17 46 58
4 49 31 98
93 59 29 16
51 43 85 91
78 44 11 8
29 52 36 3
9 0 0 63
45 38 15 23
67 55 11 32
88 40 82 0
91 57 73 20
21 39 61 2
2 95 97 60
30 93 23 67
92 26 4 5
52 48 65 42
14 42 69 83
11 88 34 84
55 82 83 68
88 73 73 47
60 71 0 52
74 99 70 2
84 32 71 24
66 18 43 51
4 80 85 52
41 71 27 82
24 1 72 93
58 19 90 85
16 30 9 0
86 6 10 96
23 82 42 78
60 73 15 39
33 86 87 72
84 77 85 6
16 9 69 15
44 31 47 35
44 23 8 12
11 47 6 87
81 73 84 65
85 7 99 49
19 55 39 0
21 40 71 64
74 39 30 39
69 49 65 86
96 86 67 11
83 35 25 76
59 22 64 58
2 3 6 44
76 21 56 1
3 33 27 55
12 3 60 27
3 9 98 41
41 72 1 45
68 5 10 58
69 29 90 47
84 89 56 38
23 96 40 21
23 2 73 96
24 63 54 54
84 19 61 38
12 18 56 76
77 88 71 92
26 75 56 47
30 19 93 67
6 67 83 13
87 61 10 8
87 86 59 95
31 71 26 2
62 51 93 83
74 0 84 58
14 56 44 25
52 39 55 1
46 59 8 56
98 49 46 72
81 89 12 49
79 35 18 75
26 59 8 87
29 66 48 11
34 99 57 2
17 37 79 71
42 22 45 72
36 68 47 24
80 20 90 92
92 74 61 23
27 8 76 36
76 95 83 64
98 37 85 76
23 94 3 15
27 90 4 43
31 47 71 65
77 92 59 15
10 40 39 22
71 13 13 2
31 1 83 83
18 80 6 98
85 0 3 7
59 49 0 5
6 16 13 5
10 93 59 77
49 35 61 2
63 99 89 81
80 28 43 50
10 73 89 22
50 11 82 66
4 43 48 59
62 3 49 13
24 90 29 8
12 51 75 21
27 16 47 57
84 93 92 42
48 47 27 23
43 39 8 86
55 82 36 81
16 21 40 75
85 46 38 79
15 42 73 39
46 98 19 48
91 69 63 31
54 42 30 39
43 1 99 89
82 51 37 33
33 54 87 98
72 10 12 93
50 41 43 95
12 9 22 80
96 82 91 16
97 85 44 9
46 47 36 62
82 65 47 58
93 49 98 1
6 14 29 4
79 72 77 51
17 15 87 13
34 82 70 42
34 23 17 25
30 35 55 95
10 56 80 40
61 52 4 40
86 22 51 33
24 30 4 97
66 68 30 57
93 93 75 35
95 94 92 74
21 5 54 7
39 12 86 39
51 53 2 37
77 42 46 60
34 99 2 43
67 89 61 36
43 8 95 70
84 26 78 39
62 31 37 93
11 18 72 0
36 97 17 97
5 76 58 15
14 99 4 62
27 99 63 60
63 54 32 71
48 4 41 66
45 59 60 58
2 54 67 47
66 22 76 72
70 50 90 76
28 49 5 73
26 54 63 47
19 44 50 63
39 76 29 44
21 59 37 72
3 1 59 83
71 25 51 8
74 74 71 47
45 91 85 74
69 94 44 97
79 36 83 7
12 74 14 77
53 60 54 27
22 37 94 26
86 14 94 7
58 3 57 25
97 44 29 37
21 83 12 47
60 71 98 47
64 67 16 82
69 0 14 24
15 95 79 97
53 65 78 33
98 65 28 91
78 50 90 18
10 57 7 33
62 16 46 48
5 12 86 16
28 14 25 66
9 42 32 23
62 83 69 45
13 81 8 37
78 66 4 13
46 49 54 65
10 92 5 67
45 55 73 22
99 89 39 98
42 47 11 9
30 94 69 47
75 50 11 96
45 19 36 63
49 8 20 38
50 68 44 69
31 15 47 81
42 38 86 9
46 29 6 17
15 75 49 80
52 70 90 81
79 86 44 48
25 72 96 18
8 56 7 27
43 50 31 75
50 78 7 38
20 5 91 37
75 8 42 17
20 99 53 27
31 69 39 91
64 89 17 78
88 59 7 23
93 7 27 72
81 41 99 4
69 79 51 27
52 19 6 89
94 49 93 31
47 41 53 76
89 92 51 32
2 4 21 52
3 24 26 27
19 22 64 70
32 38 81 92
49 22 84 7
67 9 80 72
4 67 72 93
88 47 5 32
31 16 4 73
65 59 67 56
34 28 64 76
98 3 18 2
77 19 37 3
19 7 62 20
94 96 79 0
7 67 14 69
73 92 55 77
61 82 31 57
54 2 16 93
38 68 56 35
50 30 67 0
47 51 70 31
29 33 4 50
82 32 68 83
48 87 36 78
42 13 57 77
36 19 31 96
42 86 99 48
78 65 90 48
42 1 44 72
34 80 21 36
61 23 42 1
66 36 39 5
86 94 58 24
54 15 7 28
25 62 55 29
29 93 28 64
78 92 92 56
43 67 57 29
90 10 2 74
72 14 3 37
32 97 37 86
2 55 87 24
24 79 14 39
94 83 58 73
18 78 31 49
84 53 56 36
21 97 93 42
38 73 19 77
54 75 27 31
53 86 43 89
76 60 42 51
32 74 88 28
73 7 63 26
81 85 11 9
92 6 5 43
93 35 36 28
22 22 86 63
47 63 98 18
20 5 26 4
4 45 43 29
11 39 32 33
97 48 35 34
8 24 17 83
23 24 59 31
74 82 25 49
74 35 43 69
94 71 23 37
14 10 21 5
97 95 81 92
96 91 58 16
53 87 69 37
25 78 4 31
29 21 39 9
59 71 35 49
92 2 15 75
83 0 37 67
26 0 3 16
7 8 24 55
9 51 1 24
65 71 47 5
86 53 41 84
0 55 83 79
79 4 79 21
29 51 41 11
44 37 99 24
5 22 27 77
86 11 60 19
52 81 70 36
3 32 56 86
70 47 45 44
42 12 56 5
36 51 79 86
76 9 17 60
47 9 3 82
96 50 60 62
25 42 26 33
23 5 19 38
25 9 32 35
76 13 18 6
74 64 51 33
47 44 26 56
14 87 81 59
43 50 83 32
59 12 14 70
82 91 3 6
28 70 10 22
86 76 5 4
25 47 78 58
58 99 18 61
97 28 5 9
38 68 67 41
99 44 2 26
60 67 47 65
93 57 1 65
31 26 5 27
93 91 34 63
24 31 14 0
62 68 27 57
34 20 73 11
38 32 3 29
40 3 75 60
90 40 8 71
9 69 38 0
42 68 2 75
47 6 19 62
65 45 42 26
37 14 96 78
73 77 90 26
13 92 91 44
95 12 25 41
94 97 38 24
85 49 77 75
8 1 8 33
88 6 15 1
45 2 8 3
17 32 27 62
70 85 22 59
56 59 42 18
47 41 28 88
14 39 89 33
81 64 92 1
33 62 59 0
19 14 69 21
80 50 55 27
36 67 14 85
7 92 13 60
15 70 13 73
40 30 6 6
34 62 25 70
42 0 24 76
0 48 37 82
51 44 38 31
96 48 53 69
71 30 0 3
20 90 14 85
56 27 93 63
66 19 44 51
48 0 87 66
64 20 96 54
82 10 96 29
76 41 86 26
7 69 39 48
60 69 70 5
41 95 15 26
70 12 64 73
7 82 3 20
42 45 50 47
60 8 59 5
12 23 20 64
80 65 5 11
79 96 74 92
75 33 69 95
2 47 10 25
46 97 53 39
11 44 16 94
21 87 53 44
92 82 25 69
90 74 4 78
79 91 34 31
65 86 27 72
65 60 95 72
37 5 74 24
72 65 59 57
95 5 21 66
65 8 71 2
54 74 33 54
12 19 6 40
185
102 52 242 300
202 118 151 300
197 115 58 300
186 107 58 300
168 202 211 300
222 101 90 300
189 104 65 300
57 121 85 300
223 127 83 300
64 100 162 300
113 250 184 300
194 160 81 300
152 59 87 300
57 93 60 300
51 215 173 300
148 89 99 300
193 105 195 300
227 128 235 300
119 132 180 300
160 214 161 300
151 219 184 300
204 176 156 300
203 197 111 300
62 163 105 300
108 81 88 300
218 194 64 300
205 55 197 300
171 62 184 300
233 131 227 300
212 212 77 300
96 130 218 300
80 189 216 300
86 62 204 300
126 193 207 300
122 216 210 300
92 164 224 300
200 137 142 300
156 206 66 300
151 110 216 300
104 109 214 300
143 168 175 300
189 93 64 300
232 184 201 300
188 89 185 300
83 56 96 300
137 177 98 300
124 108 61 300
148 148 93 300
138 157 204 300
69 190 220 300
209 174 159 300
144 250 147 300
241 235 146 300
207 158 215 300
213 181 66 300
164 207 214 300
108 216 66 300
91 235 138 300
220 150 191 300
190 143 195 300
90 101 133 300
107 117 109 300
210 163 142 300
60 94 204 300
79 100 209 300
71 61 97 300
210 77 224 300
65 207 148 300
65 162 122 300
121 62 115 300
95 150 128 300
142 56 120 300
165 78 84 300
61 105 165 300
157 220 194 300
179 188 81 300
199 180 159 300
226 188 221 300
77 137 170 300
147 243 151 300
61 126 58 300
163 235 158 300
229 153 116 300
100 184 79 300
211 227 151 300
235 129 86 300
149 87 137 300
201 220 246 300
198 233 240 300
115 81 238 300
161 200 60 300
81 239 86 300
159 63 131 300
227 155 158 300
56 169 173 300
233 112 126 300
231 249 150 300
63 129 57 300
204 245 179 300
231 106 107 300
215 198 81 300
94 115 63 300
89 195 133 300
51 73 85 300
214 61 175 300
134 224 119 300
249 117 247 300
52 191 141 300
127 134 123 300
103 171 159 300
249 217 217 300
232 125 128 300
212 77 124 300
165 237 94 300
221 146 123 300
111 55 216 300
124 99 78 300
204 143 221 300
201 68 203 300
88 99 128 300
162 187 97 300
60 134 105 300
97 185 52 300
84 166 130 300
182 150 60 300
208 94 229 300
95 144 228 300
193 235 77 300
250 77 245 300
218 75 150 300
179 52 66 300
217 247 149 300
181 157 60 300
160 211 206 300
59 222 161 300
57 159 109 300
234 72 101 300
140 248 246 300
182 245 193 300
122 218 216 300
154 233 241 300
70 88 82 300
86 178 222 300
248 108 132 300
69 225 168 300
58 94 84 300
102 205 179 300
212 107 121 300
225 96 107 300
86 62 191 300
143 98 139 300
171 150 242 300
160 233 157 300
149 215 145 300
93 131 207 300
236 63 164 300
205 242 170 300
156 180 223 300
146 160 143 300
150 66 227 300
55 176 119 300
133 192 144 300
136 151 229 300
120 69 51 300
233 160 198 300
191 195 200 300
177 244 169 300
218 60 101 300
95 128 207 300
164 238 217 300
189 197 230 300
107 67 238 300
68 128 125 300
217 168 236 300
54 157 142 300
193 110 208 300
158 126 195 300
83 117 183 300
73 211 228 300
180 207 182 300
55 173 93 300
181 160 100 300
223 118 184 300
154 163 60 300
152 202 93 300
0

