3
4
5
6
7
8
9
10
11
12
13
14
15
16
17
18
19
20
21
22
23
24
25
26
27
28
29
30
31
32
33
34
35
36
37
38
39
40
41
42
43
44
45
46
47
48
49
50
51
52
53
54
55
56
57
58
59
60
61
62
63
64
65
66
67
68
69
70
71
72
73
74
75
76
77
78
79
80
81
82
83
84
85
86
87
88
89
90
91
92
93
94
95
96
97
98
99
100
101
102
103
104
105
106
107
108
109
110
111
112
113
114
115
116
117
118
119
120
121
122
123
124
125
126
127
128
129
130
131
132
133
134
135
136
137
138
139
140
141
142
143
144
145
146
147
148
149
150
151
152
153
154
155
156
157
158
159
160
161
162
163
164
165
166
167
168
169
170
171
172
173
174
175
176
177
178
179
180
181
182
183
184
185
186
187
188
189
190
191
192
193
194
195
196
197
198
199
200
201
202
203
204
205
206
207
208
209
210
211
212
213
214
215
216
217
218
219
220
221
222
223
224
225
226
227
228
229
230
231
232
233
234
235
236
237
238
239
240
241
242
243
244
245
246
247
248
249
250
251
252
253
254
255
256
257
258
259
260
261
262
263
264
265
266
267
268
269
270
271
272
273
274
275
276
277
278
279
280
281
282
283
284
285
286
287
288
289
290
291
292
293
294
295
296
297
298
299
300
301
302
303
304
305
306
307
308
309
310
311
312
313
314
315
316
317
318
319
320
321
322
323
324
325
326
327
328
329
330
331
332
333
334
335
336
337
338
339
340
341
342
343
344
345
346
347
348
349
350
351
352
353
354
355
356
357
358
359
360
361
362
363
364
365
366
367
368
369
370
371
372
373
374
375
376
377
378
379
380
381
382
383
384
385
386
387
388
389
390
391
392
393
394
395
396
397
398
399
400
401
402
403
404
405
406
407
408
409
410
411
412
413
414
415
416
417
418
419
420
421
422
423
424
425
426
427
428
429
430
431
432
433
434
435
436
437
438
439
440
441
442
443
444
445
446
447
448
449
450
451
452
453
454
455
456
457
458
459
460
461
462
463
464
465
466
467
468
469
470
471
472
473
474
475
476
477
478
479
480
481
482
483
484
485
486
487
488
489
490
491
492
493
494
495
496
497
498
499
500
501
502
503
504
505
506
507
508
509
510
511
512
513
514
515
516
517
518
519
520
521
522
523
524
525
526
527
528
529
530
531
532
533
534
535
536
537
538
539
540
541
542
543
544
545
546
547
548
549
550
551
552
553
554
555
556
557
558
559
560
561
562
563
564
565
566
567
568
569
570
571
572
573
574
575
576
577
578
579
580
581
582
583
584
585
586
587
588
589
590
591
592
593
594
595
596
597
598
599
600
601
602
603
604
605
606
607
608
609
610
611
612
613
614
615
616
617
618
619
620
621
622
623
624
625
626
627
628
629
630
631
632
633
634
635
636
637
638
639
640
641
642
643
644
645
646
647
648
649
650
651
652
653
654
655
656
657
658
659
660
661
662
663
664
665
666
667
668
669
670
671
672
673
674
675
676
677
678
679
680
681
682
683
684
685
686
687
688
689
690
691
692
693
694
695
696
697
698
699
700
701
702
703
704
705
706
707
708
709
710
711
712
713
714
715
716
717
718
719
720
721
722
723
724
725
726
727
728
729
730
731
732
733
734
735
736
737
738
739
740
741
742
743
744
745
746
747
748
749
750
751
752
753
754
755
756
757
758
759
760
761
762
763
764
765
766
767
768
769
770
771
772
773
774
775
776
777
778
779
780
781
782
783
784
785
786
787
788
789
790
791
792
793
794
795
796
797
798
799
800
801
802
803
804
805
806
807
808
809
810
811
812
813
814
815
816
817
818
819
820
821
822
823
824
825
826
827
828
829
830
831
832
833
834
835
836
837
838
839
840
841
842
843
844
845
846
847
848
849
850
851
852
853
854
855
856
857
858
859
860
861
862
863
864
865
866
867
868
869
870
871
872
873
874
875
876
877
878
879
880
881
882
883
884
885
886
887
888
889
890
891
892
893
894
895
896
897
898
899
900
901
902
903
904
905
906
907
908
909
910
911
912
913
914
915
916
917
918
919
920
921
922
923
924
925
926
927
928
929
930
931
932
933
934
935
936
937
938
939
940
941
942
943
944
945
946
947
948
949
950
951
952
953
954
955
956
957
958
959
960
961
962
963
964
965
966
967
968
969
970
971
972
973
974
975
976
977
978
979
980
981
982
983
984
985
986
987
988
989
990
991
992
993
994
995
996
997
998
999
1000
9000
9001
9002
9003
9004
9005
9006
9007
9008
9009
9010
9011
9012
9013
9014
9015
9016
9017
9018
9019
9020
9021
9022
9023
9024
9025
9026
9027
9028
9029
9030
9031
9032
9033
9034
9035
9036
9037
9038
9039
9040
9041
9042
9043
9044
9045
9046
9047
9048
9049
9050
9051
9052
9053
9054
9055
9056
9057
9058
9059
9060
9061
9062
9063
9064
9065
9066
9067
9068
9069
9070
9071
9072
9073
9074
9075
9076
9077
9078
9079
9080
9081
9082
9083
9084
9085
9086
9087
9088
9089
9090
9091
9092
9093
9094
9095
9096
9097
9098
9099
9100
9101
9102
9103
9104
9105
9106
9107
9108
9109
9110
9111
9112
9113
9114
9115
9116
9117
9118
9119
9120
9121
9122
9123
9124
9125
9126
9127
9128
9129
9130
9131
9132
9133
9134
9135
9136
9137
9138
9139
9140
9141
9142
9143
9144
9145
9146
9147
9148
9149
9150
9151
9152
9153
9154
9155
9156
9157
9158
9159
9160
9161
9162
9163
9164
9165
9166
9167
9168
9169
9170
9171
9172
9173
9174
9175
9176
9177
9178
9179
9180
9181
9182
9183
9184
9185
9186
9187
9188
9189
9190
9191
9192
9193
9194
9195
9196
9197
9198
9199
9200
9201
9202
9203
9204
9205
9206
9207
9208
9209
9210
9211
9212
9213
9214
9215
9216
9217
9218
9219
9220
9221
9222
9223
9224
9225
9226
9227
9228
9229
9230
9231
9232
9233
9234
9235
9236
9237
9238
9239
9240
9241
9242
9243
9244
9245
9246
9247
9248
9249
9250
9251
9252
9253
9254
9255
9256
9257
9258
9259
9260
9261
9262
9263
9264
9265
9266
9267
9268
9269
9270
9271
9272
9273
9274
9275
9276
9277
9278
9279
9280
9281
9282
9283
9284
9285
9286
9287
9288
9289
9290
9291
9292
9293
9294
9295
9296
9297
9298
9299
9300
9301
9302
9303
9304
9305
9306
9307
9308
9309
9310
9311
9312
9313
9314
9315
9316
9317
9318
9319
9320
9321
9322
9323
9324
9325
9326
9327
9328
9329
9330
9331
9332
9333
9334
9335
9336
9337
9338
9339
9340
9341
9342
9343
9344
9345
9346
9347
9348
9349
9350
9351
9352
9353
9354
9355
9356
9357
9358
9359
9360
9361
9362
9363
9364
9365
9366
9367
9368
9369
9370
9371
9372
9373
9374
9375
9376
9377
9378
9379
9380
9381
9382
9383
9384
9385
9386
9387
9388
9389
9390
9391
9392
9393
9394
9395
9396
9397
9398
9399
9400
9401
9402
9403
9404
9405
9406
9407
9408
9409
9410
9411
9412
9413
9414
9415
9416
9417
9418
9419
9420
9421
9422
9423
9424
9425
9426
9427
9428
9429
9430
9431
9432
9433
9434
9435
9436
9437
9438
9439
9440
9441
9442
9443
9444
9445
9446
9447
9448
9449
9450
9451
9452
9453
9454
9455
9456
9457
9458
9459
9460
9461
9462
9463
9464
9465
9466
9467
9468
9469
9470
9471
9472
9473
9474
9475
9476
9477
9478
9479
9480
9481
9482
9483
9484
9485
9486
9487
9488
9489
9490
9491
9492
9493
9494
9495
9496
9497
9498
9499
9500
9501
9502
9503
9504
9505
9506
9507
9508
9509
9510
9511
9512
9513
9514
9515
9516
9517
9518
9519
9520
9521
9522
9523
9524
9525
9526
9527
9528
9529
9530
9531
9532
9533
9534
9535
9536
9537
9538
9539
9540
9541
9542
9543
9544
9545
9546
9547
9548
9549
9550
9551
9552
9553
9554
9555
9556
9557
9558
9559
9560
9561
9562
9563
9564
9565
9566
9567
9568
9569
9570
9571
9572
9573
9574
9575
9576
9577
9578
9579
9580
9581
9582
9583
9584
9585
9586
9587
9588
9589
9590
9591
9592
9593
9594
9595
9596
9597
9598
9599
9600
9601
9602
9603
9604
9605
9606
9607
9608
9609
9610
9611
9612
9613
9614
9615
9616
9617
9618
9619
9620
9621
9622
9623
9624
9625
9626
9627
9628
9629
9630
9631
9632
9633
9634
9635
9636
9637
9638
9639
9640
9641
9642
9643
9644
9645
9646
9647
9648
9649
9650
9651
9652
9653
9654
9655
9656
9657
9658
9659
9660
9661
9662
9663
9664
9665
9666
9667
9668
9669
9670
9671
9672
9673
9674
9675
9676
9677
9678
9679
9680
9681
9682
9683
9684
9685
9686
9687
9688
9689
9690
9691
9692
9693
9694
9695
9696
9697
9698
9699
9700
9701
9702
9703
9704
9705
9706
9707
9708
9709
9710
9711
9712
9713
9714
9715
9716
9717
9718
9719
9720
9721
9722
9723
9724
9725
9726
9727
9728
9729
9730
9731
9732
9733
9734
9735
9736
9737
9738
9739
9740
9741
9742
9743
9744
9745
9746
9747
9748
9749
9750
9751
9752
9753
9754
9755
9756
9757
9758
9759
9760
9761
9762
9763
9764
9765
9766
9767
9768
9769
9770
9771
9772
9773
9774
9775
9776
9777
9778
9779
9780
9781
9782
9783
9784
9785
9786
9787
9788
9789
9790
9791
9792
9793
9794
9795
9796
9797
9798
9799
9800
9801
9802
9803
9804
9805
9806
9807
9808
9809
9810
9811
9812
9813
9814
9815
9816
9817
9818
9819
9820
9821
9822
9823
9824
9825
9826
9827
9828
9829
9830
9831
9832
9833
9834
9835
9836
9837
9838
9839
9840
9841
9842
9843
9844
9845
9846
9847
9848
9849
9850
9851
9852
9853
9854
9855
9856
9857
9858
9859
9860
9861
9862
9863
9864
9865
9866
9867
9868
9869
9870
9871
9872
9873
9874
9875
9876
9877
9878
9879
9880
9881
9882
9883
9884
9885
9886
9887
9888
9889
9890
9891
9892
9893
9894
9895
9896
9897
9898
9899
9900
9901
9902
9903
9904
9905
9906
9907
9908
9909
9910
9911
9912
9913
9914
9915
9916
9917
9918
9919
9920
9921
9922
9923
9924
9925
9926
9927
9928
9929
9930
9931
9932
9933
9934
9935
9936
9937
9938
9939
9940
9941
9942
9943
9944
9945
9946
9947
9948
9949
9950
9951
9952
9953
9954
9955
9956
9957
9958
9959
9960
9961
9962
9963
9964
9965
9966
9967
9968
9969
9970
9971
9972
9973
9974
9975
9976
9977
9978
9979
9980
9981
9982
9983
9984
9985
9986
9987
9988
9989
9990
9991
9992
9993
9994
9995
9996
9997
9998
9999
10000
99000
99001
99002
99003
99004
99005
99006
99007
99008
99009
99010
99011
99012
99013
99014
99015
99016
99017
99018
99019
99020
99021
99022
99023
99024
99025
99026
99027
99028
99029
99030
99031
99032
99033
99034
99035
99036
99037
99038
99039
99040
99041
99042
99043
99044
99045
99046
99047
99048
99049
99050
99051
99052
99053
99054
99055
99056
99057
99058
99059
99060
99061
99062
99063
99064
99065
99066
99067
99068
99069
99070
99071
99072
99073
99074
99075
99076
99077
99078
99079
99080
99081
99082
99083
99084
99085
99086
99087
99088
99089
99090
99091
99092
99093
99094
99095
99096
99097
99098
99099
99100
99101
99102
99103
99104
99105
99106
99107
99108
99109
99110
99111
99112
99113
99114
99115
99116
99117
99118
99119
99120
99121
99122
99123
99124
99125
99126
99127
99128
99129
99130
99131
99132
99133
99134
99135
99136
99137
99138
99139
99140
99141
99142
99143
99144
99145
99146
99147
99148
99149
99150
99151
99152
99153
99154
99155
99156
99157
99158
99159
99160
99161
99162
99163
99164
99165
99166
99167
99168
99169
99170
99171
99172
99173
99174
99175
99176
99177
99178
99179
99180
99181
99182
99183
99184
99185
99186
99187
99188
99189
99190
99191
99192
99193
99194
99195
99196
99197
99198
99199
99200
99201
99202
99203
99204
99205
99206
99207
99208
99209
99210
99211
99212
99213
99214
99215
99216
99217
99218
99219
99220
99221
99222
99223
99224
99225
99226
99227
99228
99229
99230
99231
99232
99233
99234
99235
99236
99237
99238
99239
99240
99241
99242
99243
99244
99245
99246
99247
99248
99249
99250
99251
99252
99253
99254
99255
99256
99257
99258
99259
99260
99261
99262
99263
99264
99265
99266
99267
99268
99269
99270
99271
99272
99273
99274
99275
99276
99277
99278
99279
99280
99281
99282
99283
99284
99285
99286
99287
99288
99289
99290
99291
99292
99293
99294
99295
99296
99297
99298
99299
99300
99301
99302
99303
99304
99305
99306
99307
99308
99309
99310
99311
99312
99313
99314
99315
99316
99317
99318
99319
99320
99321
99322
99323
99324
99325
99326
99327
99328
99329
99330
99331
99332
99333
99334
99335
99336
99337
99338
99339
99340
99341
99342
99343
99344
99345
99346
99347
99348
99349
99350
99351
99352
99353
99354
99355
99356
99357
99358
99359
99360
99361
99362
99363
99364
99365
99366
99367
99368
99369
99370
99371
99372
99373
99374
99375
99376
99377
99378
99379
99380
99381
99382
99383
99384
99385
99386
99387
99388
99389
99390
99391
99392
99393
99394
99395
99396
99397
99398
99399
99400
99401
99402
99403
99404
99405
99406
99407
99408
99409
99410
99411
99412
99413
99414
99415
99416
99417
99418
99419
99420
99421
99422
99423
99424
99425
99426
99427
99428
99429
99430
99431
99432
99433
99434
99435
99436
99437
99438
99439
99440
99441
99442
99443
99444
99445
99446
99447
99448
99449
99450
99451
99452
99453
99454
99455
99456
99457
99458
99459
99460
99461
99462
99463
99464
99465
99466
99467
99468
99469
99470
99471
99472
99473
99474
99475
99476
99477
99478
99479
99480
99481
99482
99483
99484
99485
99486
99487
99488
99489
99490
99491
99492
99493
99494
99495
99496
99497
99498
99499
99500
99501
99502
99503
99504
99505
99506
99507
99508
99509
99510
99511
99512
99513
99514
99515
99516
99517
99518
99519
99520
99521
99522
99523
99524
99525
99526
99527
99528
99529
99530
99531
99532
99533
99534
99535
99536
99537
99538
99539
99540
99541
99542
99543
99544
99545
99546
99547
99548
99549
99550
99551
99552
99553
99554
99555
99556
99557
99558
99559
99560
99561
99562
99563
99564
99565
99566
99567
99568
99569
99570
99571
99572
99573
99574
99575
99576
99577
99578
99579
99580
99581
99582
99583
99584
99585
99586
99587
99588
99589
99590
99591
99592
99593
99594
99595
99596
99597
99598
99599
99600
99601
99602
99603
99604
99605
99606
99607
99608
99609
99610
99611
99612
99613
99614
99615
99616
99617
99618
99619
99620
99621
99622
99623
99624
99625
99626
99627
99628
99629
99630
99631
99632
99633
99634
99635
99636
99637
99638
99639
99640
99641
99642
99643
99644
99645
99646
99647
99648
99649
99650
99651
99652
99653
99654
99655
99656
99657
99658
99659
99660
99661
99662
99663
99664
99665
99666
99667
99668
99669
99670
99671
99672
99673
99674
99675
99676
99677
99678
99679
99680
99681
99682
99683
99684
99685
99686
99687
99688
99689
99690
99691
99692
99693
99694
99695
99696
99697
99698
99699
99700
99701
99702
99703
99704
99705
99706
99707
99708
99709
99710
99711
99712
99713
99714
99715
99716
99717
99718
99719
99720
99721
99722
99723
99724
99725
99726
99727
99728
99729
99730
99731
99732
99733
99734
99735
99736
99737
99738
99739
99740
99741
99742
99743
99744
99745
99746
99747
99748
99749
99750
99751
99752
99753
99754
99755
99756
99757
99758
99759
99760
99761
99762
99763
99764
99765
99766
99767
99768
99769
99770
99771
99772
99773
99774
99775
99776
99777
99778
99779
99780
99781
99782
99783
99784
99785
99786
99787
99788
99789
99790
99791
99792
99793
99794
99795
99796
99797
99798
99799
99800
99801
99802
99803
99804
99805
99806
99807
99808
99809
99810
99811
99812
99813
99814
99815
99816
99817
99818
99819
99820
99821
99822
99823
99824
99825
99826
99827
99828
99829
99830
99831
99832
99833
99834
99835
99836
99837
99838
99839
99840
99841
99842
99843
99844
99845
99846
99847
99848
99849
99850
99851
99852
99853
99854
99855
99856
99857
99858
99859
99860
99861
99862
99863
99864
99865
99866
99867
99868
99869
99870
99871
99872
99873
99874
99875
99876
99877
99878
99879
99880
99881
99882
99883
99884
99885
99886
99887
99888
99889
99890
99891
99892
99893
99894
99895
99896
99897
99898
99899
99900
99901
99902
99903
99904
99905
99906
99907
99908
99909
99910
99911
99912
99913
99914
99915
99916
99917
99918
99919
99920
99921
99922
99923
99924
99925
99926
99927
99928
99929
99930
99931
99932
99933
99934
99935
99936
99937
99938
99939
99940
99941
99942
99943
99944
99945
99946
99947
99948
99949
99950
99951
99952
99953
99954
99955
99956
99957
99958
99959
99960
99961
99962
99963
99964
99965
99966
99967
99968
99969
99970
99971
99972
99973
99974
99975
99976
99977
99978
99979
99980
99981
99982
99983
99984
99985
99986
99987
99988
99989
99990
99991
99992
99993
99994
99995
99996
99997
99998
99999
100000
999000
999001
999002
999003
999004
999005
999006
999007
999008
999009
999010
999011
999012
999013
999014
999015
999016
999017
999018
999019
999020
999021
999022
999023
999024
999025
999026
999027
999028
999029
999030
999031
999032
999033
999034
999035
999036
999037
999038
999039
999040
999041
999042
999043
999044
999045
999046
999047
999048
999049
999050
999051
999052
999053
999054
999055
999056
999057
999058
999059
999060
999061
999062
999063
999064
999065
999066
999067
999068
999069
999070
999071
999072
999073
999074
999075
999076
999077
999078
999079
999080
999081
999082
999083
999084
999085
999086
999087
999088
999089
999090
999091
999092
999093
999094
999095
999096
999097
999098
999099
999100
999101
999102
999103
999104
999105
999106
999107
999108
999109
999110
999111
999112
999113
999114
999115
999116
999117
999118
999119
999120
999121
999122
999123
999124
999125
999126
999127
999128
999129
999130
999131
999132
999133
999134
999135
999136
999137
999138
999139
999140
999141
999142
999143
999144
999145
999146
999147
999148
999149
999150
999151
999152
999153
999154
999155
999156
999157
999158
999159
999160
999161
999162
999163
999164
999165
999166
999167
999168
999169
999170
999171
999172
999173
999174
999175
999176
999177
999178
999179
999180
999181
999182
999183
999184
999185
999186
999187
999188
999189
999190
999191
999192
999193
999194
999195
999196
999197
999198
999199
999200
999201
999202
999203
999204
999205
999206
999207
999208
999209
999210
999211
999212
999213
999214
999215
999216
999217
999218
999219
999220
999221
999222
999223
999224
999225
999226
999227
999228
999229
999230
999231
999232
999233
999234
999235
999236
999237
999238
999239
999240
999241
999242
999243
999244
999245
999246
999247
999248
999249
999250
999251
999252
999253
999254
999255
999256
999257
999258
999259
999260
999261
999262
999263
999264
999265
999266
999267
999268
999269
999270
999271
999272
999273
999274
999275
999276
999277
999278
999279
999280
999281
999282
999283
999284
999285
999286
999287
999288
999289
999290
999291
999292
999293
999294
999295
999296
999297
999298
999299
999300
999301
999302
999303
999304
999305
999306
999307
999308
999309
999310
999311
999312
999313
999314
999315
999316
999317
999318
999319
999320
999321
999322
999323
999324
999325
999326
999327
999328
999329
999330
999331
999332
999333
999334
999335
999336
999337
999338
999339
999340
999341
999342
999343
999344
999345
999346
999347
999348
999349
999350
999351
999352
999353
999354
999355
999356
999357
999358
999359
999360
999361
999362
999363
999364
999365
999366
999367
999368
999369
999370
999371
999372
999373
999374
999375
999376
999377
999378
999379
999380
999381
999382
999383
999384
999385
999386
999387
999388
999389
999390
999391
999392
999393
999394
999395
999396
999397
999398
999399
999400
999401
999402
999403
999404
999405
999406
999407
999408
999409
999410
999411
999412
999413
999414
999415
999416
999417
999418
999419
999420
999421
999422
999423
999424
999425
999426
999427
999428
999429
999430
999431
999432
999433
999434
999435
999436
999437
999438
999439
999440
999441
999442
999443
999444
999445
999446
999447
999448
999449
999450
999451
999452
999453
999454
999455
999456
999457
999458
999459
999460
999461
999462
999463
999464
999465
999466
999467
999468
999469
999470
999471
999472
999473
999474
999475
999476
999477
999478
999479
999480
999481
999482
999483
999484
999485
999486
999487
999488
999489
999490
999491
999492
999493
999494
999495
999496
999497
999498
999499
999500
999501
999502
999503
999504
999505
999506
999507
999508
999509
999510
999511
999512
999513
999514
999515
999516
999517
999518
999519
999520
999521
999522
999523
999524
999525
999526
999527
999528
999529
999530
999531
999532
999533
999534
999535
999536
999537
999538
999539
999540
999541
999542
999543
999544
999545
999546
999547
999548
999549
999550
999551
999552
999553
999554
999555
999556
999557
999558
999559
999560
999561
999562
999563
999564
999565
999566
999567
999568
999569
999570
999571
999572
999573
999574
999575
999576
999577
999578
999579
999580
999581
999582
999583
999584
999585
999586
999587
999588
999589
999590
999591
999592
999593
999594
999595
999596
999597
999598
999599
999600
999601
999602
999603
999604
999605
999606
999607
999608
999609
999610
999611
999612
999613
999614
999615
999616
999617
999618
999619
999620
999621
999622
999623
999624
999625
999626
999627
999628
999629
999630
999631
999632
999633
999634
999635
999636
999637
999638
999639
999640
999641
999642
999643
999644
999645
999646
999647
999648
999649
999650
999651
999652
999653
999654
999655
999656
999657
999658
999659
999660
999661
999662
999663
999664
999665
999666
999667
999668
999669
999670
999671
999672
999673
999674
999675
999676
999677
999678
999679
999680
999681
999682
999683
999684
999685
999686
999687
999688
999689
999690
999691
999692
999693
999694
999695
999696
999697
999698
999699
999700
999701
999702
999703
999704
999705
999706
999707
999708
999709
999710
999711
999712
999713
999714
999715
999716
999717
999718
999719
999720
999721
999722
999723
999724
999725
999726
999727
999728
999729
999730
999731
999732
999733
999734
999735
999736
999737
999738
999739
999740
999741
999742
999743
999744
999745
999746
999747
999748
999749
999750
999751
999752
999753
999754
999755
999756
999757
999758
999759
999760
999761
999762
999763
999764
999765
999766
999767
999768
999769
999770
999771
999772
999773
999774
999775
999776
999777
999778
999779
999780
999781
999782
999783
999784
999785
999786
999787
999788
999789
999790
999791
999792
999793
999794
999795
999796
999797
999798
999799
999800
999801
999802
999803
999804
999805
999806
999807
999808
999809
999810
999811
999812
999813
999814
999815
999816
999817
999818
999819
999820
999821
999822
999823
999824
999825
999826
999827
999828
999829
999830
999831
999832
999833
999834
999835
999836
999837
999838
999839
999840
999841
999842
999843
999844
999845
999846
999847
999848
999849
999850
999851
999852
999853
999854
999855
999856
999857
999858
999859
999860
999861
999862
999863
999864
999865
999866
999867
999868
999869
999870
999871
999872
999873
999874
999875
999876
999877
999878
999879
999880
999881
999882
999883
999884
999885
999886
999887
999888
999889
999890
999891
999892
999893
999894
999895
999896
999897
999898
999899
999900
999901
999902
999903
999904
999905
999906
999907
999908
999909
999910
999911
999912
999913
999914
999915
999916
999917
999918
999919
999920
999921
999922
999923
999924
999925
999926
999927
999928
999929
999930
999931
999932
999933
999934
999935
999936
999937
999938
999939
999940
999941
999942
999943
999944
999945
999946
999947
999948
999949
999950
999951
999952
999953
999954
999955
999956
999957
999958
999959
999960
999961
999962
999963
999964
999965
999966
999967
999968
999969
999970
999971
999972
999973
999974
999975
999976
999977
999978
999979
999980
999981
999982
999983
999984
999985
999986
999987
999988
999989
999990
999991
999992
999993
999994
999995
999996
999997
999998
999999
1000000
2
0
