1100000
111000

110
1010000000

10110
110010001

1100110
110

100000000
1111011010

1000001
1100001

11111
11

1111001
1001

110011011
100

1101
1001010

1000001111
111

1
10010101

1
1000101111

10
11

10000
11001101

11111110
10011010

1110110
101

111001
11

101101
110011011

1100
1101000

1
1100101

1011010
11

0
11

111100110
1001

100
100101010

1
11001

1111
1100100001

110011100
1101

11
10

1111000
1

1111100
1100110

110001
10010000

100
1

10111001
1111000000

110111
1111

10111000
10

0
1000

111100011
1100010001

111110
10100001

111110
101011

1
1000

1000
1000

1000101
101

1011111
1001

101
110110

1111
1101

11001
10

11101000
1

11
1000011110

1011010
100011010

111
1100100111

110
1100

100
1010

1110
10011111

10
11100000

10
1010000

111100111
1000001100

1001010010
11

1011
10100

0
1011

11010
10000

10011010
1100010

110
110011000

10010
110100001

11011001
1100000001

110000
10100

11001011
101011

1111001
1001

11110
1111

1111000111
1100

110
10

1110
1111100010

110111
1000001111

1000011001
0

10
1011000

1000
1111000

11110011
1100

1010110001
0

110
100

1110000
101101

1100
101

1101
100100

10
100

101
1010001

11101010
1000

101011011
1110101000

10011101
111000

11101
1010

1011
101111110

110
10000

111
10110

0
101111

10
10000101

111001
1

1000100111
11

1010011100
0

11101
1010100

101100000
101110010

100101
11000

100101100
1110001

111111000
111

100
100010

111101
100

100101
1

111011011
11

110000
11011

1010111
101010101

1000
100100

1101111011
1111011

110011
101100011

101111000
111101011

1
1100

101010010
1

10
11000100

110
101111101

111111010
1111

1110
101011101

100
110

1010111101
1001111101

10
111111110

1000
111001101

0
1111001110

111010010
1001

1110010
1

0
11

10
1010101100

10
1000

1
10111

10001111101110010001001010001010010100010101110011111010000101100010010000011010101101101001
111101001100110000010001110100110

10000011000010011010101000011000010110010011010000010110100100111100101000
110000000100111110111011010010010110110010001110000

11010101101110110111011100000001101111111001000011
1110010011111001111000000110110011

10001110010010110111100011010110000111000
10010111000110101100110110011011111100

1001101000001100101011100010010
10011110111110111010001110100100101011110000011111111100111101111

1001101001101110001110001111000000100001011100110101101110
10000010010011000110101000100000001000001110010111101001110100100010011100111

1011010001000001000110100101011001000
101011111101001110111100000010110011100001101010001010010001110111100100010001001000001011100

1100100100100111101001001110101111110100011000
1101001101001011100101

1011100011000011010000010011010011
110010

1011000110111101000010001001110011100011001101001000010011100011101100111001111111100001110111011000
1011111010100110110101111000100100001000000010

110100011011011
11010010010001101010110011000001001000001011101101100101000010110010010011110100010000001000011

10001000001011010110110010010110110001101000001010110111001010010010100010010110001
1000100000101100101100111100101001101101111001111000011111100010100011110011000

1110001101001101111001101111
11010100110111110011101100111001100110011000111111101

100
10110100001111001010100011011011

1011111101001110001000010100011010101101001111111
11011001100111101010111111110001100

1001000111100001111100000010110110110101101101001111110011001000110100110
1001011100001000001

11110110000000101010000100000110010001001011100011011010010000
1101101000111001000010111100000010100000011101100

11100010011010001011111011
10010101101110011001110100011100101101011101100010001011001111100110011001100101101110010111101

10101000110100
1011100011

1001110001011011110101110110001111000
1100010011111101010111111000110001000001010111010001101001100100001

1101100010100011001000000010101011101101101
1100001101011010

101000100011110010011010000000001011001010101110011111011011000101001010001000001011110
10100000101000011000000101110011001001001101001101111101010111010

1000010000011100
10110011100001011110100

1000111110011100000001010111011110101011110
10110110111111

1110001010001111110011010110001110100001001010111110010011
10111011111011000011100001011100101100001001101

1000111101010110101111101110000110101011010001010111101001101110100111
101111100101010011000011100001100011101110111100000010

10
10001101110100010111110110000110111111001111100111000000100111011

100001100001110001001101111100000010000010100000110000111000000011110111011010001001011101
1100011100111010011011111011111101100000010

1100110011001111000101101111110100110101001111001011
11000011100000100001001110011001011010000000010110010

1010111001111011011010
11010

1111110001101010111110010000100111010011001101010100011
1010010000001000100100001010011010011001001100100110110110101001000000110101101110011000

100101101110100001100000011110100111001000010011001001110001011110011
11110100011011

1010100000011010110011011111000001011100101001000001010101111110011001011
111000000010100011110010100000110110111100

10010101100100000010001111011010110100011001001
111011100010101010111111001111100011000001100001000111000111000111011011001000100111011000011000

11010111
11111001110110010001001110101010101001111000001000000111001110100

1000110010001101110
1100101000111011010111

1100010101100101000110000101011011011001111011
111010110010010000111001011111000101100001000000110010110011111110

10000000011100100111100010011011000000001111001001111000001101001001101001001
11010111110111010111110

1011111001011100000100001101001100111
1000001111110100000110011001011001001110001001001110101001001101001110100000110000010100000111011101

11011000100100110110111010010101000110
100001000101000111111010000101001000100111

11011100000010001001100110000
1100001100000011011111111

101001101011
11111111010001100

111011001101010100011101111011101000110
1000101011011101110001110010001111

11100000100110110101110110101000010011011100111101010010000000001011110000
10111001011001100110110101101101000100010010101110001000110000100101000001000111110110101101110

101101110110100000110001100100110
10011101010110010110011111010100101011000010011010011101010001101001001000000001000010

1110001000010100101001011111000010110010001011100000110001001011000100
1110111001000111101001000110101110101010010000110

1010001
110011011111001001001101101000011111010011110010110100010010001

1101001100000100001011111101111001110100110000010111011001110011000010011010011000001101000001100101
10001011000101110010010000

101111101010001100010010001101111000010
11101000100001011110001110111101001001010110001

100101010101110110111001
11011000110010010111001011101110010110001001000011100101010111010011011011101100000010010011

101110101100001101000010010001110001010110
111001001101000110100000001000100000100010001010010011

1100101101111111101111010110101111100010101001011100101100111100
1011010101011110000010100001111110001110011110110100110010101

11101110111000010000001101111101000111101001101101111001111101001010000110000111100000001110010000
10001111110101001011010100011011011101100111011110001011111010100010100011110000100

11001100110
1110010010001000010001001111100000001000000010010000000111

1110110101001001111110
111011100001011110000001110011110011101110011100001011100001110

11100111110010011110010110001100000011100101000100101110100
1011011000110110110100111000010111011111

10111100100011101100011110001111001111011011001111011110
1011110111000

111100101000011000
1001111000001010101111011

110010011100001010000101011000101101100001001100110000111010100011101001111000101101010100110010110
1011000100110010010000001100111110010011100111010011001111100111101

101101111101100101010110000001011101011101111
11011001010000001010101010100011001101001011011

111111101101101100001110101011110111001110110000010101011111010001
110011110010110010010101110000010011110

110001011001010100101101110000001101010111010000111
10

111010110101111010000101010
1100011110101011110111110010

11101100000010110011000110111000110101101100010011111110100000000110
1001101101100010101001000010001101011101001100101001

111001100000011101000101000001100111001100101011111000100101001010110100110000
101

11010001111100011110001100100101001101010000001101001111
1110100100010100100101111011

10001001010011101111101011110001110010001000110101001001100101110101101000011000110010
11000111001100000000001001111000100101000100001011011100

110100101000110011010001001001110110001101110001101111011111
100110010001000000001010101100011100101100010010110011110000

1111010011111010111
1001110010011110010111000001010110010111101010111100011011111100001011111

10001110011
11100011010011010101011001011010100111

10
1111010100000010111010001010101110001111110111100101101000011100110001011010101111

1011010001011111111101000011011
1110010010001111010000100000101110101101001110001001011110110000010110011100010110100011000100

1011110001011111100100011000001000111110101010100110
101011011

111010100110001110111011000010011110001000000
1110111110010011010011011111010001000111110111001000101100001001011

1000101100110110101101110000100100101111100111101
1001010010000001111000110111001111011010011111000101110101000111110011000111010100010

10001010100101011000111
1101000000000100010001100

101011110111101000110100111111000101011110000101100110011101101111000111
10100001001100111110011100101110100111111001000011010001011

11011010101100010111
10101100011100110000100

101000110011011001101101100010100000011010011111010000110111101101100010011101110110101100111
10110000110100

110111010101100011111011100000101100001011001011100001011001011111
1110001100001101100001101001010

11101111100010110111111010
1

11
1101000100000010

1010101110100001011111111110010101110001011001100110001
111110011010010000011010011011011

1000011
11110110111010100001000100101110001010010011001011010

101110100111001011011110100110010111100
11110111011000110100010011100000111111110010011001101

100001101011000110110101101000010000110111010001
10100001000010000100010110100111100110111110000011110111100101111110101011011100

1100000101110001111101110001001101001011100011100000010010101011111
1111011110001011010011101001110000111100100001

1011110100111101101010011010011111010000000110000111110101
1100010111111011000011000101111000101101010110110111010000011101111

110010100001010010110111010000101100111001100101
10110000110110010110001000101110101111100011010001100010101010000001111010101001110

1101111111111111101010000100001011100011011100010101000010000001101001100000000100000000010010100101
10010010100000001101111001110011010000110110010100000

100110011000100010100100000000101000
1001000010010010000011011110010010010010011010111110001010011011010010001001010110110111110

110110
1000000011101011011100

101101110110100011111110100000101001010001011110000101011001010110011011000110010010110010111
11101100011010100100111001011000110110110

11100100111001100000000111100111101111
1111011111

10100111001001111101010111000010000001101011100110001010
110000100000011001

11000110100111111111111110011111011000001010001110101010
111000111001010000100110001011100000111010111101011010010100110100011110101001101000111101111111110

110010011010000110111010001111010010001
10010011001110101100110110100000001

1011000111001000001110110010001100001
1000000100101010011111111010110000000011

1110110011101011110100100110001010000001011100010100110001001101001010111001001011011111010
101011101000100110101101010101001110000101111100011101000110001110100110011101000

110010110111001101001110011000
11111101010101111010110000000100011011111111100010001000100110101000

10011001000000010001010000100010001101001111110010111111
1001001001111001110101100011110111

111000111011101011011011101
101010000010100111110000010101100001001100101110001011011001011010

10001111000010011100000001100110000110010011
10110110

11100101001001111100111010001011111001101011100100110011111000111011000101101111001000
111000001100110111000000110100111111111001011010011011000011

10111000010110001100001111110000010
11001010110011111110001101001011010111110

1100011011000010
1011001100100001100101001111111000100011

110010110001000110111111011000011111110110001
11101010101110101010101010110111000111100001111010001000011

100110101001101000011000000000110101111000010110110010000100111100111001000111100
111011000001001000010011010111111010010001

111011001010010100111111100001000111011101000000011100101101000011110000101111110
111010001001001110010100111001000101110010100011000010001

1111110001101000000010000101101
101011111100010011111011000111

1000111100100111000010
110110001101101110101000111111000010010101111001001101011100000001000110000

10000100101011011111001111111100010000
11100110001101100011001101111000110110110100010001001110011111101010011001100100100010011010100

110
1001100001111010110101111101100

1110100011100001100010101110000110100101011000110010010100100
1011001010101001001100101110100100000000010100100010000001010010011111111111101001001101001010111001

1000110110100011010100001111001111001000010011000010010000100001000100101101001100111011000010010000
101010000111111001101001101001001101101111110011

110111011010
10101110

11110000111001
11111001101000110000110111100100111011001100011001011110001011001110011001001111110001001111111

1001111011001110110110000111011111111
101001011110011111010101010011100000101010011010110000110111

11101111000001100101100011000110000111011010100000110111010001000011011110111011000100
1001010010000101011110011111101110111110110110110001000111010001010100101

100000001011101011000010100
100001010010111000010000000111110110101101110010100100001010011001011001101100110110010110111011

11001011100111010011101110010110010011101100101100110001001000001001101011
1101000

111101100000011110010111011011100110011011010100
1011000100001100011010

111111011001001001
101101100001100011101100110000001111

110011111000110010000001000011010101011011010011011110000000101111001100101111110000000
110011000001010011011100100101000001011

111100101110110011100100011000010000010101010010110100101001110110111
10

110101100000001100111000101001101111001101111001011101111101011101011
11000110111000101

1100001001100000001101001100101111110010000010111011111000100011010010010001
111101011111010011101001001111100010010111010111001111010101001101100111000

11110001000010110001101011101000101101001000111100010011111010000100001
11111010110000000111101101000011100001

