1010101010101010101010101010101010101010101010101010101010101010101010101010101010101010101010101010
1010101010101010101010101010101010101010101010101010101010101010101010101010101010101010101010101010

1010101010101010101010101010101010101010101010101010101010101010101010101010101010101010101010101010
101010101010101010101010101010101010101010101010101010101010101010101010101010101010101010101010101

101010101010101010101010101010101010101010101010101010101010101010101010101010101010101010101010101
1010101010101010101010101010101010101010101010101010101010101010101010101010101010101010101010101010

0
0

