64
168 3 49 38
9 135
4 47
9 124
428 4 78 187
5 117
7 67
7 138
2 46
400 9 43 221
2 149
6 261
7 262
2 86
7 133
6 378
6 95
5 181
9 73
25 6 12 7
8 16
10 2
3 0
3 17
10 22
1 9
11 4 7 3
7 7
8 2
5 7
3 1
310 7 246 9
5 69
4 257
7 299
2 302
5 291
1 246
4 4
400 7 200 110
8 259
7 141
3 19
8 320
1 116
9 120
9 321
371 8 198 66
3 174
5 144
9 73
9 92
9 302
2 154
6 262
10 291
23 3 0 6
7 13
10 18
4 15
200 5 64 172
10 121
2 90
2 188
8 69
5 162
135 2 87 81
7 70
5 118
167 8 166 4
1 7
5 154
8 165
10 131
3 24
4 73
2 49
6 97
10 10 6 6
6 7
6 0
4 5
10 6
6 3
6 3
3 9
2 9
3 7
8 3
86 9 14 61
2 23
4 71
5 25
6 77
5 35
2 85
5 55
4 23
3 55
173 2 83 102
2 117
6 172
313 10 256 49
10 132
3 197
2 223
3 117
2 289
6 68
2 261
1 209
5 109
4 223
192 9 128 185
10 141
6 154
5 122
9 17
3 21
5 181
10 98
4 160
1 100
20 3 1 11
4 13
5 14
4 14
239 6 25 219
3 110
3 45
6 138
9 226
7 202
9 57
42 7 37 31
8 38
6 38
1 12
1 1
8 26
9 5
6 21
80 4 27 9
7 46
5 62
6 64
4 48
288 5 252 259
9 72
5 282
8 16
2 61
4 131
138 8 121 132
6 120
1 117
1 9
5 51
6 37
2 115
9 115
2 25
248 5 143 102
10 9
1 77
10 120
6 231
8 198
294 8 184 176
3 15
7 98
2 75
9 55
5 237
2 232
5 187
5 65
318 8 281 303
3 82
10 10
4 66
3 184
6 239
2 40
1 188
10 67
448 10 28 206
4 436
5 332
4 200
9 94
9 104
7 30
6 320
6 363
4 174
1 212
176 3 2 90
10 109
6 109
10 128
201 6 64 44
9 176
8 199
6 173
5 78
9 110
3 80
333 7 25 74
3 180
9 276
3 211
10 90
10 90
2 2
3 92
111 4 57 37
9 21
4 56
2 77
6 75
439 3 428 227
3 211
3 61
6 286
17027262 62 13524535 8671016
80 2886658
82 666815
47 9347538
72 16628018
98 15400158
16 7820898
34 4896494
50 9255403
7 4983468
56 4014420
17 14034606
36 10327542
36 16776537
38 2769747
52 8438639
72 9098563
15 6778380
39 8130994
2 12168150
99 1821580
63 14845822
61 4106300
10 3035217
20 11546613
37 16996655
72 15681594
70 8128592
85 11269670
51 11245466
54 8305415
73 11257803
36 9884868
30 10142094
99 13037568
37 4623080
85 13775392
15 1328456
98 1059422
7 12167497
43 10333722
48 9091172
99 5016355
25 13872658
73 6021734
8 11249546
80 6650434
3 12655229
70 2391736
41 13426631
66 6955771
69 7115282
31 16394079
47 2509696
59 8710139
49 10983640
99 5689550
67 6907383
16 1191416
84 5867398
17 9795005
18 4513038
23 16451123
26353017 19 21921610 1431527
98 19454729
82 17237105
10 987488
25 2282771
43 12958499
44 21219223
6 21184926
61 20891597
100 23298873
82 1593179
73 22482317
26 2806224
27 23941749
78 21631761
19 19547312
62 11332532
35 24682733
70 25954567
71 20695031
17644376 34 468235 2332189
80 2251277
18 10964963
76 13431788
88 13710715
55 6516159
4 9500950
24 6517164
19 12423897
13 5757472
66 11676337
47 15168165
88 11195771
30 6216625
75 7401076
37 8433406
68 4467835
47 6561679
100 17157633
29 2264034
90 6833983
98 4052606
39 7282540
71 11993588
42 12855852
54 13366586
41 6311466
86 1067912
18 12588919
32 8855226
82 14550407
28 15345155
35 10328940
38 14552961
100 11741774
10435707 57 9313097 6146445
54 2430134
73 9375536
67 8984627
100 9254187
33 3416675
19 893696
57 3547194
41 8205902
36 10258237
73 7881522
60 6867511
31 828697
48 8877918
47 8712765
12 9957565
100 4320375
46 4685570
49 7711329
72 5517787
40 3386215
12 1335549
82 2744222
89 3883803
71 1024379
1 3114684
32 1425499
21 3541673
76 5527524
4 9248514
77 157814
68 7775012
83 2558651
99 10010388
78 7531359
34 8636076
29 3591223
27 9305766
17 798937
35 958144
91 568477
34 4837499
99 5891311
36 8792161
27 6743332
100 1167986
58 47914
82 5487617
33 2804161
27 4712832
5 4263047
78 7197663
9 6993107
47 8297997
24 657873
15 1451648
20 7437250
88 5492321
32190225 72 29520591 2377703
89 24942950
28 3051560
41 18596048
82 13868167
52 4767213
31 26269041
60 11186642
70 12944729
44 31877646
21 19933413
27 17803728
21 6200165
54 23517870
31 19204848
40 4855024
2 22550760
48 9577679
53 27257756
74 6836263
79 29888260
77 9889751
46 18133308
39 13348062
9 28445541
33 9656033
37 3414329
22 29390133
79 25786208
7 3573549
51 8700610
49 6407247
77 24559177
86 10996095
36 21229855
66 5633608
87 15768463
75 10704741
81 3583
51 9860787
98 14159488
70 21709057
93 1118985
46 22782368
18 25959372
35 16777226
1 21117120
25 20053757
31 16240601
57 19445409
20 3024615
80 24208121
15 26935005
89 6837255
70 13108069
35 23197488
73 22547491
4 31174004
48 17957914
87 4714073
52 25193266
89 529448
56 31008401
28 13938862
22 28704260
4 20339008
57 3344265
98 4664359
40 1412170
17 2098836
77 5270858
27 28120425
7 1416476
35252197 9 4972754 25719099
24 11779883
33 7979616
72 18479594
18 491299
65 9685044
63 8998548
21 29750590
6 15896700
18 17780924
1311607 33 386022 1221856
84 585574
92 1299424
7 521949
71 923770
16 342491
58 984033
84 414216
84 1001425
65 1303714
20 974308
43 1257076
33 1264348
25 863406
12 1246857
85 1181783
9 1029133
57 1181730
5 1197789
51 345466
66 704825
18 208704
85 545115
81 323694
89 136996
24 273130
14 45608
23 897532
39 946790
28 935246
7 256609
55 437336
31 112206
18 608096
40454795 43 28890292 15091431
17 9139221
72 11442289
43 14585680
23 38662342
14 38250977
79 37120626
65 23339791
42 20590353
71 27166306
52 14675786
30 3767792
68 13123808
34 6831610
22 22386298
3 30531462
44 20916039
25 24508590
16 29176182
25 17688018
23 22776128
30 10950164
41 37908287
91 25293135
89 39031118
67 1458720
40 8444194
95 24041452
53 3224486
7 26196939
7 40077183
24 26294040
31 12109982
70 9062449
18 5607798
37 28215098
35 35475642
45 3991577
15 29620909
60 10518185
48 34530332
94 34690315
73 7064879
98 17328707
31078990 90 191152 23246282
29 5939215
88 26967100
18 30602783
75 11970894
55 11166921
47 28339919
31 14448093
23 28428455
81 12229204
31 13925530
29 16963975
34 15191962
76 5005423
25 5063115
30 29476116
42 10068507
80 19594438
62 5269371
8 10601659
41 29791747
29 8324271
87 2693287
95 7039531
36 14684880
54 28224905
51 14831135
38 24499851
5 12732876
34 21156474
81 13294161
21 16983583
74 20856604
8 23252609
49 18550586
27 6220574
76 24543859
29 7170354
18 171544
75 21213222
50 30445283
71 9354507
61 26402352
41 7074860
25 29247305
99 19785553
89 13672607
84 28758468
18 2089163
1 23509520
5 20674028
8 3790766
33 10162611
46 4230377
10 19104330
56 25190580
100 6657071
64 26601375
86 174790
78 7003333
29 30828580
20 3738905
94 26412357
83 10805742
93 19317132
81 15028942
61 1887376
28 20017729
27 20680815
48 19350805
98 15579378
100 21110102
80 10861816
9 21183544
18 16196395
28 3313035
13 17830097
67 23301506
1 2403647
73 4519319
84 3231192
41 24566274
45 1222304
42 14135217
93 3640792
11 24542598
43 9802751
39 7344291
28 25139521
39 28667836
85 19569046
2631194 43 2342983 1010295
93 2332725
28 184677
94 428243
32 2627449
92 2330987
69 890582
32 2234105
100 2347180
97 934170
78 195926
69 1972850
6 105638
47 1485950
38 2370935
77 1412542
44 1168082
68 1964445
35 232571
83 2122706
50 223398
9 675293
64 1802600
19 563110
87 507996
78 2366850
40 628836
63 484091
62 1427262
89 35840
50 1698484
87 189190
86 1703768
16 729443
66 627098
91 1306478
24 1614111
38 1105788
91 1830632
54 1874759
75 105641
94 2613208
28 258385
62 1039607
33235387 27 11897030 23360026
34 32030703
76 17189844
26 17893569
80 18207291
35 32357134
47 11964012
1 3741194
48 6760291
95 24163578
38 6464257
89 264185
74 8998458
7 31881703
57 2597083
35 18212575
95 10325208
28 5619626
38 14697150
2 10729698
58 20682793
84 25320930
100 27107072
71 14607772
58 20107688
45 7687369
31 9705176
20 22904722
46296536 79 35039237 42272504
28 21056821
6 12693987
19 7279102
82 6076154
46 34244998
81 6333041
31 39847932
65 42926311
35 1897097
41 33879498
42 20110287
52 27153788
9 33622401
50 24555926
40 39005858
96 37846781
94 6795355
70 15464472
43 9324739
99 15332207
25 8911888
33 37287502
79 13188662
21 37902848
43 39367932
1 45694744
42 520956
38 15857595
14 29408421
88 11874642
49 183172
24 18040895
88 18279673
57 31663537
49 19360010
23 7034622
86 4521464
31 12892190
55 42553419
28 14952894
64 29984313
82 30963507
31 23060108
6 509098
10 33705647
53 38900288
28 44262173
51 33634907
25 8464031
98 8163738
14 1858124
49 9799403
26 23834502
62 34700267
34 27190095
29 20030216
21 46161272
5 5697157
33 44285850
51 39707389
3 747005
3 29897798
82 25112797
97 7725512
63 552094
31 43557877
65 41698163
74 19400359
63 40362889
74 21484522
28 21771267
97 42744873
64 28368935
2 26717856
63 36805295
93 22367227
6 34596860
46 29032502
51 33815211
48692355 67 23768187 25167907
9 1820520
18 21315092
72 966217
86 29102600
83 11127424
99 29358091
80 16737155
45 41976447
49 22149486
50 23269098
40 31838593
88 6306938
27 597165
35 12721324
92 39215404
85 28358818
11 45022246
66 31890844
95 44178974
6 13150811
28 5458401
73 15148791
64 37853189
63 28122033
47 34984838
40 1341658
57 30592462
14 36825368
58 28536867
28 34380539
83 32323820
4 6383458
18 10008529
31 15909764
21 45555364
41 2069136
93 17857094
11 19496939
33 20630782
24 8288192
88 45297721
21 9994259
93 12258419
79 4675073
85 47673965
3 1122792
22 48082586
64 1226731
76 40760525
55 48526180
82 41177042
47 34924917
12 14100860
86 7319654
34 48328446
28 26594825
75 15197641
66 18419257
34 34716356
69 14538963
2 3417532
37 6270986
78 18147979
17 45838796
97 24634212
100 42819656
19 42555555
9796608 84 8908486 333758
11 7391228
33 2138859
62 7760471
55 3663102
86 5374846
82 4631846
88 6775886
55 1632390
58 4612869
30 8948538
84 1499330
70 7293210
92 175008
88 3658908
56 1187559
40 8182237
74 9212425
61 6193351
42 5715046
37 8158602
29 8572199
62 316033
92 3370816
70 3941355
2 4763861
92 7377126
29 885684
65 6617657
34 1181596
48 4856179
46 8994360
59 1151334
10 1739802
57 5789858
86 1325043
83 4695140
15 1066205
34 3625615
12 2906605
59 597603
58 6607264
50 84058
12 8795466
7 4500649
18 3128680
38 523113
44 775534
85 940003
66 2939644
8 5917192
85 6828722
69 2338825
86 3800402
9 508845
9 1708308
61 2554370
69 5028186
5 1958921
76 5287151
29 154506
68 1966800
11 945657
13 8095682
19 8974790
87 4562529
81 3476910
68 3884602
26 5436580
2 9753680
53 2568909
52 2998882
29 5927961
75 1682220
4 8001120
95 8266965
46 3562099
1 6806749
28 8923107
54 2340424
43 2291549
72 1373559
67 2418110
23 9557699
96 8890175
14782470 59 7207276 669806
13 9371289
50 2149624
12 8178283
42 12677038
56 2389030
28 10030221
6 13220213
19 4372880
25 5764576
29 2335806
43 476352
69 5514484
51 4093708
22 14559237
54 1060328
30 5195407
94 1852197
93 401548
10 9933267
10 10588193
36 1436846
10 5185408
89 3529310
9 8942837
56 13708462
5 10005296
54 12500630
59 355605
23 5478503
64 2311972
62 3090917
98 8919453
24 6801415
65 6922599
24 14348592
50 2198015
14 4538770
51 11634530
39 2159241
66 13336468
47 13048043
44 11244550
96 1245609
3 8552574
39 7707029
49 9237446
12 10320929
55 7690065
88 4644434
20 11023560
96 9289992
73 11945000
31 1797030
14 7114372
33 10566460
67 11772979
2 6176668
79 790269
16 11784218
16258468 2 2722662 12742221
45 12158334
82 11134497
21438747 2 5402458 1162663
54 21200352
87 13140695
10188994 85 5290842 5673564
51 1272733
42 5574094
15 4011456
33 5146453
64 5162970
8 10180187
96 6198639
18 760101
29 6406643
7 496529
1 58649
4 3380520
93 6808960
44 1504602
87 280556
39 1911783
88 8273264
69 7174679
26 7918675
37 9036460
28 1220516
13 3584989
18 8580326
13 9645695
28 443563
37 7367778
93 3639439
1 7474331
22 2929843
66 9080705
18 7979469
100 7157775
88 2888550
59 2758643
21 8669686
5 5904970
42 444769
23 9514450
3 6040142
56 8422250
5 3523561
9 9380003
84 3153602
86 2021584
5 54458
69 9293845
59 6504963
78 901937
88 2611179
10 4610923
86 7660777
7 3187166
87 2021951
38 9335734
15 6082952
70 6750891
89 7769202
68 1179698
39 9600505
33 6817256
56 8902750
16 2099076
20 6783912
12 1416503
33 9055680
18 2692055
40 8748412
98 4444016
5 2991021
67 3242640
32 5758925
90 3090671
14 345616
96 6467030
62 9865738
95 1617183
80 6010664
35 8397392
8 9111359
58 6599852
20 8046413
62 6710601
4 9770306
36 1786378
46 9344551
41873650 72 41810544 7438820
48 5939320
73 39304935
100 28817177
98 26253381
39 25491638
85 18083126
53 1791563
10 11506384
52 9025169
48 7830419
9 34527161
70 21373448
10 34890885
45 3112079
26 29490282
53 23015216
52 6841473
53 31381427
9 4549552
41 12311351
31 29518448
12 12749274
61 36809132
2 8144821
93 8221064
78 40094550
100 1968203
41 40321296
29 14425010
93 10561834
1 22627353
79 25543746
26 222403
7 41272481
33 6957685
85 22885648
24 30177162
46 13984997
21 36035585
100 29073296
100 2322565
71 33203727
24 34961048
11 17294860
95 21283601
58 27572704
3 19560094
98 7651135
67 2439328
14 12626955
55 18760149
14 33945649
50 17346379
65 20248808
58 4331819
35 13891314
94 10887656
7 28963806
67 13017768
73 29506116
23 32241710
7 12483679
65 2592974
5 5855656
12 15257283
35 32447970
72 194067
47 17226097
7 6721970
91 29048761
28 21068365
72 5780676
22778444 3 20887990 14034997
72 10081235
77 8346417
10 732988
49276274 51 10539691 20872015
25 8499627
62 18670015
23 11233731
9 119575
43 21809251
72 20560465
57 5753190
97 43233788
35 41714243
94 40237393
31 23641369
28 9911140
73 18478424
47 17472279
44 6326485
49 19108847
71 37668127
96 20507407
12 7192360
72 46102259
59 4065737
36 19167074
94 43701723
69 46187937
31 16610811
18 22380107
56 21515641
6 34351534
56 48800338
56 9627031
63 1955644
71 33417611
18 9307009
78 39249357
73 45948136
34 16897115
96 45530334
50 31228934
52 41257320
69 26819202
84 8081922
96 12308715
34 24282825
72 33056304
5 20603922
92 21725980
34 14211482
52 33579473
31 31188470
83 11413995
31 2420166
20854363 35 8377511 11546155
34 5407893
48 506633
56 12283825
52 16460485
26 16810893
64 17681647
19 9674365
53 6106049
21 6443711
24 18725457
10 19300292
64 5095566
91 11204755
97 8183638
44 20824565
72 10837172
49 6708076
78 797635
47 2278726
86 2877507
13 2239705
75 17291538
48 6370912
20 15013681
85 14192932
18 5673580
26 4581607
90 9080501
99 2443704
93 14561637
30 13486666
23 8823484
87 16403993
87 18848022
81 6540618
18495218 68 10968073 10190508
65 2398035
67 7943962
19 17150477
36 4569235
74 5116801
64 13347353
78 10674461
6 11519334
89 8884385
91 1047185
49 16082112
78 2560873
83 15822668
8 13409547
83 10051447
83 17065657
49 8380052
51 14354790
91 778954
48 12422017
51 11158655
9 17931006
95 13383391
89 12271185
63 8922438
74 12125297
35 5962784
69 6319214
93 11616492
19 10165384
74 5077586
78 11545484
2 13211865
41 16416231
13 3757145
59 15809855
3 15578823
95 16215338
33 5667188
32 12201195
67 737738
10 14983880
11 16440724
18 5914037
58 18459918
82 8658001
88 4281667
57 16461566
38 5036604
84 10950774
89 4192031
17 5214331
61 2977478
39 7665913
99 10887398
91 17119213
30 3126444
17 14248939
82 12339032
95 8595589
73 15708820
26 15307659
38 16923498
53 16950442
83 5084648
25 12258634
78 15633050
13 6475596
9606462 44 2678266 9023770
52 3182016
82 7899244
68 1040594
76 6834459
19 3074763
84 1791038
97 229870
52 266793
41 4967307
59 1618446
31 712524
28 3316155
72 3158903
22 5981861
36 2761808
15 8036685
18 6966699
34 5192679
93 7842479
69 5617195
98 4754153
6 9158615
11 1320669
15 8564840
27 10438
57 4198884
25 30630
71 3290010
86 6824169
14 6566289
7 3082915
13 680717
27 5204576
14 3207823
7 7415290
82 9115213
85 5748007
50 2304383
48 7607530
97 7235249
41 5324644
35 2219527
90 9342712
12 3302186
15836837 19 10211056 3957452
23 5511441
40 784657
58 6460060
22 9320513
57 3080248
87 14970244
36 3683274
4 6182133
28 11934908
37 10657260
74 13503968
84 4931904
67 4904424
64 8848061
49 3048194
35 11985069
8 3987218
22 6397608
16 935341
3364963 100 2230776 2674523
50 2073098
23 1025444
4 531383
100 1545062
19 1637900
33 28586
91 1250734
53 2546072
91 3246089
80 3240160
56 2096427
22 2545672
71 2347127
61 2546866
69 2305509
5 2813957
30 426819
52 2603109
100 786498
80 1785779
94 1257729
9 334113
26 322476
6 2683603
62 252666
7 1088735
25 2036771
21 2304209
26 255443
17 1158370
30 2261538
64 2937343
52 3172258
96 3009306
18 1046937
20 3018192
91 1332727
98 173659
94 1593020
32 1858805
39 1413845
71 192563
18 1942476
57 467335
77 3345631
42 756655
50 958561
17 928346
24 592764
55 1359650
39 91051
55 3307113
6 2453423
97 3078981
6 2335817
57 1889913
70 3245855
6 2560808
23 1214286
35 19070
91 651631
4 2162652
36 2557963
44 1738795
85 2389180
3 1425465
23 2836816
56 3266755
60 846171
31 1969504
83 3279088
8 2292180
19 2576931
92 981131
31 513951
91 3074409
5 501420
12 2138520
18 960879
51 2845147
4 2973543
81 1190820
62 998756
10 368457
39 2798878
86 387445
32 2195161
25 1870767
10 802687
42 558875
45 3214847
12 1844966
81 1503165
93 2773433
29 3221331
4 1174634
47 1247504
13 1273091
71 2183559
29 2816680
36084243 30 23687924 5196262
51 23043777
14 34887528
21 2180391
52 15126770
92 26302971
51 29326376
95 5209758
65 21202213
76 22159316
13 9093604
86 32605209
25 17885090
100 24980278
92 26743668
54 26503093
21 15806734
83 25925796
12 10107556
2 7990525
76 28583829
85 31585076
86 6020460
52 17725739
6 30099557
97 30948923
66 8507008
19 34006930
28 17960370
1 26297038
50 15000127
17295004 9 5774867 182234
38 11959733
64 6653109
58 14374586
60 4178545
44 13932723
28 10333789
24 17183685
24 12940246
59 15858936
1756079 37 1279223 1017175
53 724344
5 782882
99 1501588
94 545327
61 1015146
43 1061400
34 45677
80 1320351
51 1690053
11 144817
30 1012572
90 107697
30 631579
3 1566201
55 948950
85 118460
41 537922
100 168998
47 146802
42 1575590
31 623924
77 694470
6 1067152
42 589334
33 1499878
22 47010
41 416790
32 1421045
97 482764
40 350623
35 765403
62 195758
18 217255
65 1586757
6 1280050
27 1726975
94 1134009
116110 66 1421 8051
13 113010
70 56243
49 111691
19 633
70 70136
16 56745
81 91771
20 47147
18 67045
92 96636
55 50966
91 73529
56 102773
70 82794
29 50172
93 26320
14 94750
63 73811
87 5213
3 14870
6 101497
49 100837
6 37158
4 80260
7 25654
41 42464
27 6463
47 51180
8 100381
6 11395
76 43685
28 52317
11 91081
7 83459
71 26066
5 113248
27 24637
66 59414
25 100653
58 20690
68 55153
97 57620
81 4643
27 54742
11 68269
27 81071
81 74655
79 75884
44 85010
87 58327
46 112365
94 93332
48 8133
59 53490
84 31003
7 60588
19 78940
96 31662
98 81700
91 14101
5 94147
45 506
71 54054
75 14725
13 90426
32 17920
12714395 97 4477929 5087680
37 11393112
93 3331525
38 4527706
83 10058936
42 11743000
61 12304517
30 6661531
6 3242772
83 7039270
48 10694487
38 8719850
67 11837204
27 1623608
55 11271483
15 8071447
47 8969889
47 6495251
45 4417206
20 7095340
1 10638959
42 9533425
47 5482350
60 6900480
13 5306191
66 3843156
39 11284609
82 11880147
94 10202579
59 8079319
34 5920677
10 329397
76 12684749
23 4261405
92 8880532
52 8647521
54 6015403
57 5568889
15 10196219
3 10006695
10 3478543
91 9821620
23 4731389
5 2239996
83 11025840
16 12228349
39 3539505
47 8906509
32 10415321
39 11644741
63 1594084
19 1921266
86 1579131
68 7641954
42 7245129
30 5596292
43 9817032
3 2556249
43 11690889
33 5302708
73 4899379
92 4018277
24 5909120
77 1732563
60 4411231
82 11440611
8 9489883
42 900409
26 9386744
96 1162896
84 4509543
22 4424970
45 9462705
42 4695315
34 312177
64 8225353
73 3349397
68 3434260
46 3486947
55 1403276
15 7078839
30 1189100
87 3275189
19 4707161
33 1664798
82 5114124
40 1163957
93 9035629
30 5055025
75 7600573
60 12263679
72 362578
94 5138981
32 691911
88 10212768
95 5058820
73 4722893
28 10929753
6404118 74 2729266 584777
16 2904539
13 2876378
46 399091
29 398214
20 1480530
37 2167125
72 597982
59 3673705
91 6041059
89 5094782
73 2150599
93 5788132
38 1840120
4 6092546
48 5098112
77 3344780
100 6163696
16 3986980
62 422118
81 1013161
79 3372006
59 5040100
60 2279048
80 1527661
32 1801151
25 1204619
4 6072729
50 3478464
37 5418745
4 4268734
8 1376351
50 1503037
25 5326438
3 3490480
13 1366977
70 5547086
55 5579810
93 200735
97 2284519
15 5566612
44 6246721
35 5933302
59 955747
41 1019945
89 1966304
31 4174877
80 4393959
54 270349
97 555579
41 2660717
42 6160354
51 2453303
37 1778517
9 4686669
68 2278317
17 6044588
13 2112158
62 5932135
87 2269066
69 5234161
50 1628406
74 3369790
31 4474600
84 2934526
34 3192734
39 2744499
33 3190692
22 1880898
84 5747722
58 4824009
56 6208494
66 5938724
78 5830015
42 776204

