90
17392.8 23045.1
24003.2 8249.9
16480.3 31007.4
1728.9 11285.0
11508.3 13965.7
6445.3 8105.0
32962.1 30779.4
5987.1 26761.2
39025.9 10545.0
18942.0 26502.6
8893.0 10155.4
21354.4 12309.0
36084.4 34687.9
27194.0 20945.2
34490.3 25278.9
8324.0 31622.9
39872.8 11883.1
2890.5 32327.2
15247.5 16353.1
1954.0 16254.7
24359.7 26755.8
29170.4 20034.6
18431.0 17321.8
27866.9 6792.8
4930.6 17456.9
27612.3 6808.9
30753.1 13823.6
20146.8 8966.7
29911.9 38472.7
35386.8 7340.8
10598.9 36037.4
7920.6 3710.8
7673.3 10471.7
38460.1 22446.3
38701.0 22920.8
21311.8 12049.3
3719.1 23060.7
12017.8 10482.2
17275.0 22150.1
39607.0 11519.9
29964.0 22205.7
7664.5 27219.3
7821.2 32352.3
30825.0 27811.3
6787.3 9368.4
5405.8 37847.1
13193.1 17386.2
39493.2 13326.4
35772.8 20866.4
15422.4 9588.5
21637.8 34473.8
29169.8 36734.2
18851.7 25357.0
19142.3 12822.8
24342.7 36126.7
29967.6 18749.4
17603.9 14306.7
18294.2 9267.4
37078.7 25425.2
34793.6 9119.2
18601.5 15501.3
32887.5 199.4
25161.1 31794.7
12661.1 32380.7
13604.4 20933.9
27042.9 39718.8
8088.2 6877.5
3869.7 27847.9
12305.9 26939.9
34701.9 23012.0
1761.4 36648.6
22590.5 36304.7
5572.1 19365.4
16425.8 884.7
21639.2 14286.1
29787.4 11219.4
23054.0 240.7
3670.6 34310.1
38326.1 8215.1
784.2 27967.0
27685.8 11930.5
18808.0 39462.4
27310.3 35774.0
34349.2 34312.9
17325.0 39616.3
7900.1 29051.1
25355.8 19086.4
10087.0 2125.9
3010.6 2563.2
28484.5 26512.8
0
