39
129.18 97.71 1.97
92.52 4.07 2.96
40.91 136.59 5.19
104.63 149.86 5.58
72.86 85.38 2.04
134.79 16.49 2.73
59.60 24.96 2.69
102.83 23.47 8.85
67.99 57.60 10.04
54.59 134.46 9.83
127.89 73.46 5.23
99.82 114.80 7.76
111.17 97.22 5.37
88.48 87.15 5.23
11.63 85.53 4.70
128.40 74.86 8.13
85.66 8.18 7.07
136.22 113.39 6.62
3.11 81.46 0.73
117.77 118.78 8.56
116.33 117.96 2.35
39.33 65.74 3.15
133.12 79.21 5.61
46.80 56.73 0.29
10.47 71.34 6.97
95.47 155.72 7.85
95.66 66.08 3.96
76.01 46.22 0.55
56.42 38.25 8.63
40.44 138.65 4.25
53.36 106.38 7.03
49.00 122.29 6.45
93.81 8.46 1.42
160.27 41.61 5.82
25.14 36.24 9.73
60.94 29.27 9.55
123.03 118.18 1.77
144.79 89.69 8.86
78.04 84.43 5.05
14
102.42 62.02 0.00
50.11 31.54 2.56
95.82 94.54 7.31
143.67 54.75 7.26
55.08 33.47 1.91
140.08 22.43 10.08
5.77 88.91 0.08
162.01 63.22 4.17
115.78 68.83 2.36
119.79 24.79 0.55
105.82 39.53 10.03
99.55 48.61 9.99
18.29 16.87 6.23
155.40 96.29 3.00
96
82.63 76.91 2.17
100.09 85.12 8.52
81.47 23.32 5.85
21.35 19.96 10.01
137.38 35.03 10.20
72.63 109.29 6.51
54.76 50.65 5.33
29.95 31.10 0.39
63.77 41.20 8.12
133.32 82.08 1.82
102.21 46.53 0.66
75.26 55.65 9.90
94.60 65.66 8.35
41.71 160.45 7.85
103.12 42.76 5.68
162.96 162.90 2.52
106.02 32.46 5.70
24.27 124.95 7.40
13.12 107.68 4.85
46.34 3.00 6.49
55.19 81.59 4.37
40.18 109.61 0.35
55.96 46.64 8.26
144.71 89.12 1.82
59.83 83.14 2.41
109.31 13.21 8.04
68.08 25.29 7.22
90.41 162.41 3.80
79.50 158.36 7.92
145.55 44.36 5.51
115.36 28.40 7.88
70.14 151.70 6.04
105.31 159.23 0.51
94.78 112.66 0.63
114.47 160.16 2.05
6.70 142.47 0.97
53.35 112.83 6.83
25.68 68.84 5.20
146.72 28.66 8.55
22.01 9.34 5.94
57.79 102.27 2.70
142.41 22.31 6.98
1.03 63.64 8.88
109.02 146.35 9.99
122.86 60.12 2.33
145.51 112.34 8.75
54.94 114.95 7.14
122.92 50.73 5.29
121.28 70.44 6.18
64.83 110.69 8.47
21.90 121.42 6.05
146.29 75.89 1.41
91.99 114.94 1.75
36.61 28.08 0.62
153.14 10.46 4.62
26.87 159.20 0.06
87.21 93.87 1.41
47.01 130.88 6.61
27.54 60.38 2.40
61.18 26.93 3.37
85.27 26.02 8.83
31.05 31.08 3.15
23.76 65.28 8.57
110.65 115.68 7.41
2.03 24.67 5.30
40.67 132.37 1.74
118.56 133.26 2.52
117.52 145.60 5.57
64.65 47.49 7.92
42.95 75.15 7.62
45.93 92.14 6.25
107.10 123.23 1.05
16.98 49.17 9.14
128.62 86.20 3.35
73.49 74.96 3.67
121.82 60.87 2.72
28.01 26.41 8.60
13.86 153.01 5.62
69.57 141.83 5.18
56.33 30.37 6.83
70.61 115.63 3.12
140.13 102.95 8.86
16.84 99.91 3.10
64.80 112.74 9.48
94.58 104.04 5.66
3.44 2.15 5.31
37.37 100.64 7.23
100.38 21.81 5.16
17.67 43.95 4.24
136.63 83.85 9.80
37.01 92.91 5.06
120.69 90.74 6.49
41.24 96.14 7.61
147.70 88.04 5.24
105.71 26.84 8.23
82.60 124.18 5.76
4
152.63 5.84 3.58
146.78 11.48 10.19
144.62 41.94 7.33
131.37 66.92 4.79
26
3.25 51.07 7.82
100.52 95.08 3.87
120.37 138.35 8.13
43.41 152.80 0.77
16.51 114.47 1.06
66.59 22.32 5.38
104.22 11.97 4.23
27.24 88.70 1.33
151.80 60.92 2.88
46.41 6.07 7.80
67.51 91.81 6.56
90.92 156.25 9.45
156.63 11.44 6.24
54.41 137.62 10.01
23.20 98.37 2.08
50.77 39.47 3.70
91.62 162.09 4.27
143.34 47.53 0.57
36.80 47.07 8.46
49.50 102.12 8.66
9.88 133.51 1.06
76.79 54.22 7.77
65.56 76.20 3.01
107.36 157.65 6.25
155.25 39.28 4.56
118.04 96.83 7.53
67
139.90 136.31 9.93
26.71 18.02 9.14
30.03 13.11 5.82
13.72 126.64 10.23
81.74 58.42 4.04
142.89 44.08 2.71
0.99 58.45 8.57
79.95 63.01 1.02
148.44 52.36 7.66
38.56 28.54 4.15
116.79 125.96 10.04
157.09 158.54 4.00
38.98 91.58 6.82
125.99 44.09 1.51
72.47 42.99 6.08
53.94 105.23 9.13
62.50 94.83 9.57
48.70 17.64 9.56
87.12 121.66 5.81
123.31 65.78 4.97
132.20 94.62 8.39
93.78 134.74 5.03
113.65 74.15 7.77
71.19 154.49 2.80
54.79 10.44 9.79
95.07 123.34 0.15
68.07 87.06 5.48
62.99 6.27 2.04
72.22 4.30 4.34
44.58 73.14 6.21
85.79 163.45 4.10
142.36 112.67 3.36
89.64 41.99 8.26
81.14 8.03 8.68
21.12 141.22 5.91
53.16 11.67 6.90
64.15 126.09 3.11
109.32 94.74 0.02
5.42 37.15 10.09
155.25 159.51 9.08
115.56 108.71 2.24
7.41 44.90 10.05
156.66 160.83 1.83
49.78 95.53 7.37
46.61 68.23 4.08
1.76 100.75 1.82
158.12 22.12 8.04
0.40 44.32 1.08
93.85 58.87 9.80
151.40 42.52 6.13
157.69 75.45 0.00
34.30 66.45 2.44
43.80 62.86 4.92
135.18 53.00 1.64
73.53 65.58 2.57
34.29 72.23 0.90
1.78 160.70 2.76
60.18 26.50 7.91
42.59 128.42 4.25
143.11 14.52 4.75
115.99 53.47 8.64
78.44 114.94 9.23
124.14 63.41 9.04
91.64 39.13 4.21
123.95 150.68 7.53
150.48 109.41 2.56
17.55 11.28 0.87
61
138.13 75.61 0.94
21.89 75.26 2.31
35.74 35.00 6.15
154.76 78.73 5.01
41.56 70.30 1.41
16.24 71.22 1.80
3.21 163.83 8.46
99.36 109.69 3.41
69.81 154.38 4.90
3.40 79.04 10.14
37.53 139.26 4.80
124.66 44.53 1.73
156.08 28.16 9.51
70.31 65.18 3.99
9.45 74.07 0.61
23.34 16.03 3.96
108.46 21.76 4.43
143.31 16.82 1.29
86.72 138.67 0.69
160.62 136.35 9.64
8.39 6.91 3.36
100.17 50.99 7.17
71.36 113.41 6.19
41.19 52.84 1.41
127.15 29.18 1.83
124.36 25.60 0.51
24.66 158.16 4.34
96.79 151.59 7.93
30.57 76.85 6.32
24.93 121.42 2.42
121.07 54.30 8.24
162.12 62.57 4.36
158.58 77.92 6.36
130.58 0.57 8.54
140.51 79.84 4.43
2.55 103.54 2.78
118.40 26.50 0.90
64.67 78.78 8.62
160.99 8.48 7.41
104.29 114.34 8.46
2.36 72.58 9.36
74.15 72.05 8.50
153.62 39.41 1.55
55.47 46.66 2.40
120.74 3.59 6.19
37.41 63.71 5.89
30.67 80.48 0.37
56.30 17.68 5.59
18.79 157.70 1.68
136.79 101.98 5.73
89.56 9.20 2.68
57.13 35.61 1.56
139.15 153.09 1.39
112.75 33.92 1.25
31.75 46.71 8.93
41.25 24.94 2.50
111.47 19.84 9.71
10.10 24.17 0.35
119.18 0.78 7.33
87.92 148.78 1.55
59.08 52.71 4.17
86
113.00 55.17 4.50
139.74 97.36 6.13
162.74 128.42 8.08
32.22 145.63 0.96
155.51 160.08 3.46
9.74 124.03 2.38
61.38 4.23 1.09
40.92 52.18 0.08
158.45 163.68 7.55
29.66 82.54 7.93
90.09 20.31 9.46
30.29 111.70 4.41
156.39 11.72 8.10
132.37 62.63 5.20
125.31 104.61 6.34
68.04 42.77 1.83
23.60 122.32 5.10
23.35 104.98 8.67
91.22 0.21 6.40
60.28 108.97 5.10
51.65 24.03 3.60
45.14 43.52 6.92
143.09 64.07 1.91
30.28 119.65 2.72
158.12 89.17 6.73
61.93 119.51 9.54
133.03 18.29 0.94
91.36 16.42 1.78
12.29 74.17 10.12
88.48 92.04 0.63
151.60 139.57 6.68
60.25 114.99 7.73
53.88 131.34 3.64
72.42 32.11 5.44
130.76 104.31 3.17
103.34 63.56 6.48
109.89 64.00 8.99
145.86 139.53 8.62
59.23 46.63 5.52
22.50 98.49 4.15
8.69 59.96 2.05
89.09 131.62 1.76
110.44 49.68 5.18
20.60 107.31 1.07
6.09 14.08 10.06
71.53 85.03 5.88
94.16 18.81 6.43
69.73 152.76 4.68
16.27 62.67 2.27
33.54 150.06 3.29
160.52 157.82 2.78
136.37 119.35 7.78
43.54 131.90 8.27
78.19 154.99 2.13
19.32 131.92 9.62
99.46 81.56 7.71
3.77 40.53 1.88
57.42 1.48 9.57
126.72 53.04 3.85
130.67 39.96 4.67
132.59 126.22 3.13
10.31 49.06 1.11
43.77 124.42 1.48
128.44 35.35 5.20
87.51 126.42 8.80
111.85 21.27 6.94
34.40 117.78 9.92
151.27 114.56 1.69
27.61 140.73 7.69
115.72 11.45 1.91
143.89 111.82 4.43
120.32 134.76 7.88
163.22 25.89 5.95
114.03 109.21 2.04
77.32 75.50 9.01
151.51 89.41 7.21
104.38 17.43 8.94
78.89 145.91 0.83
132.43 136.83 1.05
98.04 94.79 0.43
5.87 4.52 9.21
95.15 30.64 0.73
12.94 163.72 3.12
128.43 93.70 8.51
22.17 126.67 1.03
22.82 59.39 8.21
84
157.59 139.27 9.92
144.13 101.51 8.00
37.44 119.01 9.47
162.21 133.17 4.80
81.83 120.63 0.65
22.33 37.90 3.68
30.95 125.62 1.42
102.06 85.11 1.09
56.16 132.35 8.04
99.22 113.11 2.41
81.89 88.45 0.82
76.03 136.53 8.12
41.64 62.57 6.14
43.07 142.90 1.05
140.50 67.21 4.97
50.48 66.22 6.35
38.68 34.86 10.04
35.16 102.97 0.80
129.01 139.05 3.81
121.36 120.65 0.41
157.92 132.25 0.84
25.03 48.17 9.84
5.35 2.00 7.49
95.31 51.52 0.06
35.56 66.08 7.04
121.18 138.48 9.63
118.58 98.56 7.24
100.69 94.40 4.98
106.67 81.76 5.01
83.76 136.94 2.81
81.47 97.01 1.94
13.38 48.37 2.08
20.61 133.92 2.88
123.82 142.46 6.81
12.21 26.05 6.82
63.24 109.63 8.19
65.63 153.61 9.47
77.25 2.00 5.28
39.02 122.30 7.12
53.30 95.29 5.97
27.70 33.36 3.22
68.56 37.90 1.37
126.02 145.70 1.68
71.90 66.72 2.29
137.68 163.29 9.74
86.70 129.84 7.96
19.83 24.21 3.28
138.40 120.61 6.56
68.88 9.82 4.89
130.96 163.28 2.02
151.74 67.17 3.41
97.56 16.68 2.51
53.38 2.42 9.72
102.87 93.12 8.35
113.44 82.47 5.30
23.72 68.46 8.00
69.32 17.30 9.67
41.37 95.21 4.17
56.51 141.62 0.09
141.34 114.93 9.24
48.67 127.56 7.94
140.89 137.25 8.99
124.52 145.22 4.64
7.62 78.26 5.44
162.76 32.56 2.73
144.07 110.36 5.95
52.16 84.28 8.16
135.47 41.96 6.95
129.67 135.04 9.87
6.86 46.30 9.78
20.06 32.23 8.32
110.68 67.54 7.07
93.83 32.06 3.99
8.04 4.67 5.93
97.33 49.66 5.15
51.63 8.02 8.80
71.00 160.27 7.33
64.07 53.92 4.74
9.21 78.42 7.22
150.81 1.58 4.24
25.09 90.93 9.97
57.42 92.39 0.05
130.58 7.80 9.48
141.96 94.38 9.80
13
153.12 147.60 0.21
122.21 57.24 5.61
15.92 77.10 7.58
76.60 12.93 6.17
147.13 73.35 6.67
161.73 162.56 3.25
13.32 163.22 1.42
0.48 163.58 3.69
113.66 26.60 7.89
99.45 122.74 1.50
106.91 61.12 9.09
20.94 117.58 2.67
71.88 91.20 6.79
38
30.75 140.15 5.27
68.59 54.26 6.71
57.40 93.80 2.67
75.43 155.20 9.05
6.81 70.03 8.05
10.46 13.12 0.34
19.22 152.09 7.24
43.21 153.30 9.75
80.60 142.45 7.88
89.60 28.43 7.79
82.86 59.49 1.39
127.72 146.97 7.42
41.27 47.75 1.02
149.63 57.34 2.48
36.26 155.74 8.37
84.96 137.10 9.43
162.66 25.73 9.20
132.88 39.75 1.28
128.93 26.66 0.17
63.79 13.50 8.86
15.85 154.50 10.17
2.50 102.99 0.57
132.13 32.89 3.82
92.98 115.25 9.61
115.12 112.00 3.17
151.30 96.97 7.12
19.13 23.97 5.01
90.54 10.67 4.29
91.96 78.65 4.09
148.18 34.04 7.39
114.08 106.98 0.16
129.18 49.26 4.94
120.03 36.61 1.21
48.83 34.40 10.05
140.91 94.01 8.48
31.75 15.79 5.06
156.07 13.95 8.73
137.31 116.01 9.52
43
143.51 68.27 10.18
18.04 83.52 7.46
86.00 0.48 3.78
58.51 155.62 2.56
162.33 3.22 1.18
57.02 160.56 4.33
62.78 47.11 6.91
95.45 100.05 7.74
63.35 88.95 4.55
59.05 117.77 5.34
153.41 163.42 4.55
147.58 44.85 2.84
121.92 161.47 6.15
163.58 8.29 7.37
63.76 43.02 9.30
24.10 52.46 6.22
91.22 8.18 7.03
90.50 142.38 4.23
103.66 144.41 9.26
30.77 70.51 0.37
36.94 60.89 2.74
64.37 10.37 5.56
27.81 129.21 0.02
110.20 84.98 7.83
75.88 163.13 4.64
64.00 59.13 5.33
70.58 159.23 5.82
93.91 22.25 9.60
72.31 91.28 9.99
90.53 34.69 1.77
87.63 88.61 9.97
95.25 18.37 9.19
38.78 71.79 0.29
110.37 130.85 10.14
63.85 51.36 9.23
1.47 142.81 2.69
94.78 147.73 7.82
90.05 25.57 0.83
121.14 112.29 10.06
35.07 149.88 5.14
132.53 12.12 4.60
120.00 56.39 4.21
99.78 24.19 3.97
54
136.73 163.57 6.73
16.86 28.26 5.47
30.50 67.60 1.44
160.94 58.34 0.48
108.76 11.39 2.86
147.37 94.20 3.19
24.64 69.29 9.51
76.03 70.01 4.18
104.02 118.94 4.00
93.46 102.22 1.96
137.07 55.87 5.00
85.66 135.57 9.63
129.01 163.13 4.56
116.90 152.83 2.34
44.77 92.97 5.63
145.82 56.34 8.04
102.24 68.21 0.98
57.96 117.90 9.65
29.00 91.14 4.80
64.41 31.01 1.06
26.98 16.99 7.31
163.40 77.03 4.33
64.90 93.18 6.53
23.13 144.60 9.61
52.66 110.10 0.50
95.13 50.16 1.22
11.49 99.17 9.81
39.18 17.59 0.42
18.53 91.93 7.27
40.11 39.38 5.07
4.68 118.98 6.26
45.52 73.15 9.09
111.88 59.69 5.39
57.99 134.25 9.27
75.43 162.25 2.08
113.67 77.23 9.81
135.72 60.60 3.14
23.40 117.29 2.63
25.43 161.94 9.06
127.60 96.08 6.68
129.56 35.47 5.57
16.89 132.78 7.21
11.76 51.33 1.25
31.90 89.22 9.60
6.86 20.47 9.56
108.18 60.03 2.61
160.37 141.02 9.75
117.83 95.87 5.69
8.11 158.85 5.12
85.76 17.48 3.96
34.74 119.14 0.08
108.57 31.00 2.97
112.17 108.86 0.82
68.01 131.06 6.63
60
113.51 98.94 5.27
41.17 94.21 2.50
24.41 88.68 4.85
77.11 11.69 5.46
91.73 93.31 1.91
9.96 111.85 0.66
133.77 115.40 8.46
142.11 17.18 9.37
78.03 162.80 4.40
50.02 117.16 4.69
61.43 94.75 4.48
146.75 59.60 9.62
147.65 105.62 1.98
161.66 97.24 5.28
137.39 147.35 8.84
90.45 88.06 4.94
97.42 66.99 8.13
131.71 59.50 4.25
92.22 157.67 0.36
55.78 118.03 3.98
89.71 28.00 5.28
59.34 58.10 4.78
125.66 2.60 0.42
140.28 139.99 0.11
16.09 145.32 5.53
56.47 64.38 1.27
153.95 155.10 2.77
140.80 118.58 7.89
157.19 64.71 5.98
145.75 117.87 7.20
18.24 50.15 9.38
26.01 8.47 8.47
87.03 60.92 5.82
91.58 25.70 4.05
5.93 33.66 2.01
16.51 87.09 1.02
141.81 27.57 7.13
7.20 36.22 5.99
11.71 61.67 5.43
153.62 157.19 0.54
24.05 118.59 6.11
45.70 21.92 8.29
142.36 94.00 8.95
125.91 130.71 2.11
98.52 120.38 7.89
157.88 119.44 1.98
29.16 163.23 0.85
93.51 141.30 1.84
119.80 66.82 2.49
110.89 56.55 1.41
71.43 136.79 6.39
155.09 146.81 1.09
97.55 152.37 0.98
32.10 117.94 2.39
130.58 70.20 6.62
153.82 19.27 1.66
99.13 91.33 3.72
102.70 97.58 7.34
38.02 90.83 0.13
142.28 162.43 8.00
19
129.08 22.81 2.06
73.34 128.45 2.73
20.39 73.92 8.41
47.70 35.17 9.40
119.83 37.07 3.18
113.76 18.33 7.55
3.93 86.23 4.04
57.40 103.92 6.54
52.38 12.04 4.92
19.40 98.39 3.02
75.73 77.79 3.65
115.28 79.64 0.85
35.63 19.72 7.39
59.13 69.92 0.84
105.44 82.04 1.60
42.98 151.65 6.58
142.27 132.56 5.33
68.05 86.06 8.10
41.73 79.15 8.03
87
125.68 119.27 4.51
75.70 63.63 4.81
161.70 61.26 1.27
86.40 108.22 7.11
117.62 118.48 5.29
68.83 117.48 4.80
4.67 28.49 9.07
7.76 99.49 8.78
128.23 66.21 5.26
135.21 156.95 0.90
50.04 90.61 9.06
89.13 57.49 6.05
44.82 157.19 4.14
82.39 154.12 3.36
63.84 106.01 7.90
96.90 162.37 7.70
130.73 27.12 2.87
157.39 96.94 8.05
131.26 38.13 8.85
122.35 29.69 4.29
22.92 132.44 8.95
155.20 89.40 4.97
23.94 152.77 6.45
93.59 71.45 2.48
112.50 129.93 1.61
93.13 92.83 8.08
133.85 50.24 6.40
71.56 140.71 0.32
65.15 27.23 5.56
24.95 136.98 5.97
19.27 50.99 4.08
102.07 141.56 7.69
108.94 12.40 9.53
111.09 12.57 5.77
147.41 88.80 0.62
35.95 139.44 2.13
65.40 128.59 4.73
5.18 152.49 6.92
78.80 42.43 3.31
105.70 115.49 4.02
85.25 157.36 8.28
52.08 139.77 1.69
105.44 131.29 2.47
140.33 146.72 8.43
156.65 25.14 4.20
107.35 49.11 7.21
51.33 16.28 6.10
30.01 122.88 5.76
1.86 26.51 1.09
61.50 132.17 1.50
101.53 159.96 1.03
139.17 122.44 6.80
93.02 99.68 7.05
53.72 5.57 9.59
127.08 76.35 1.32
119.50 63.75 8.55
123.60 95.76 1.30
3.28 84.38 2.66
75.57 160.79 2.93
129.79 90.78 7.96
68.28 20.42 9.43
143.62 105.17 1.54
91.96 65.33 2.03
54.19 30.22 6.32
118.89 16.47 4.28
6.41 74.83 7.17
134.19 33.63 5.68
39.57 142.35 1.39
41.76 9.81 9.13
69.68 38.42 2.20
105.72 32.52 5.55
155.76 154.51 6.66
80.62 86.02 4.57
82.17 125.59 2.15
110.65 148.84 9.51
130.61 64.93 8.16
74.81 19.45 7.49
115.66 104.84 6.04
38.40 158.01 2.56
50.55 13.28 5.63
109.05 160.35 5.96
92.59 97.08 7.58
126.62 38.84 6.57
26.79 111.19 10.03
18.80 90.46 5.39
84.06 67.21 3.54
32.38 34.36 0.22
17
87.44 155.20 6.34
121.64 151.58 8.13
53.21 146.48 1.64
132.45 53.86 6.57
147.63 13.14 0.52
150.81 85.41 4.47
80.23 89.37 8.77
93.25 50.65 7.72
35.52 79.99 7.46
28.73 108.14 8.80
31.20 26.74 4.98
21.13 159.54 0.89
30.51 160.37 0.59
113.61 43.45 3.37
115.70 25.28 0.38
92.93 25.43 5.31
157.05 103.13 8.83
8
143.13 100.33 6.77
150.69 65.95 5.68
11.44 113.72 9.69
35.82 5.87 1.42
149.63 60.00 1.05
49.77 67.05 1.84
92.82 112.29 7.66
160.23 50.37 5.35
72
109.79 111.65 2.40
13.40 89.10 4.77
112.05 96.47 2.48
16.00 146.45 7.07
139.55 155.70 9.16
21.96 50.20 9.51
40.48 0.16 4.72
105.63 111.20 3.65
113.45 58.35 8.61
77.42 111.74 8.33
143.43 43.64 6.61
18.58 64.82 2.59
49.08 44.09 2.03
81.75 32.49 1.80
88.48 93.30 1.47
47.76 78.99 5.11
33.67 153.15 7.94
67.94 4.09 6.86
33.16 4.79 5.77
146.39 118.57 0.02
90.40 147.98 7.06
41.32 55.10 2.75
75.70 159.36 2.71
62.58 94.47 9.00
20.52 65.39 5.25
6.05 13.28 1.67
134.28 58.24 10.08
124.05 140.66 7.26
136.53 161.29 4.98
16.30 79.74 2.35
17.72 24.91 9.07
75.54 7.09 8.99
8.67 92.65 1.04
36.59 23.11 3.22
133.06 144.78 0.31
13.92 137.91 6.77
65.00 135.77 6.11
157.43 42.62 9.07
33.47 6.78 2.56
97.55 26.85 7.27
130.61 75.11 6.33
134.52 45.50 7.43
34.70 99.05 4.44
15.14 115.37 8.26
126.48 140.40 5.43
151.29 51.84 9.19
84.42 24.25 8.41
131.09 60.65 3.85
38.73 163.15 6.18
24.65 78.23 2.32
138.83 150.50 2.31
108.15 76.38 6.47
55.05 160.41 1.38
23.65 106.77 2.27
30.22 100.98 8.23
135.16 115.12 1.38
88.50 127.55 7.69
128.06 155.75 0.39
44.63 121.23 5.38
33.99 84.51 10.09
36.85 78.05 8.75
135.41 89.46 9.66
68.36 48.53 9.45
158.21 41.18 7.41
30.82 124.05 0.47
131.14 6.84 7.67
54.98 64.68 7.60
89.87 98.39 9.71
16.59 36.17 2.97
129.93 48.13 0.13
93.05 152.36 7.27
77.77 5.20 3.62
31
73.03 106.22 0.30
118.78 54.95 2.21
137.82 28.72 4.86
26.08 105.74 7.38
0.64 73.15 3.38
105.22 132.64 3.97
32.28 162.53 7.62
78.64 106.66 8.50
82.18 79.23 3.30
77.70 154.70 1.68
33.04 142.76 2.64
12.26 42.94 0.28
61.02 26.60 8.37
143.38 114.41 4.07
3.90 116.48 6.95
125.47 139.91 0.92
92.36 31.44 6.99
52.85 98.83 9.05
70.69 16.33 6.09
110.51 83.69 6.26
156.50 49.25 1.83
102.79 75.41 2.62
158.83 153.76 7.56
59.81 97.86 9.32
53.34 73.48 5.44
120.21 99.78 8.58
99.38 103.30 3.25
130.99 103.07 8.22
149.47 2.60 3.81
30.97 6.85 9.76
141.20 19.11 2.04
62
116.58 159.20 4.25
150.11 23.66 4.43
100.64 71.91 3.76
58.80 101.97 2.85
85.55 118.75 5.20
86.04 104.79 4.99
64.86 18.34 9.34
138.95 57.55 0.10
119.12 61.30 7.45
152.96 11.64 1.35
160.74 147.91 6.70
131.48 50.50 7.98
74.59 79.32 2.96
59.60 64.16 2.84
46.88 62.04 0.50
116.90 102.04 4.29
130.88 53.16 9.38
53.64 42.08 8.32
122.38 139.60 0.55
73.70 131.15 7.02
117.21 63.13 9.12
70.64 56.47 2.18
128.73 17.99 2.68
60.09 8.74 1.84
154.44 125.68 7.20
53.58 58.23 5.29
155.86 32.57 9.82
95.76 152.40 6.02
81.25 51.93 3.43
32.98 33.38 10.14
101.44 142.98 6.54
160.58 60.73 8.11
86.44 2.36 9.77
110.19 75.23 7.34
74.97 162.35 9.05
57.58 34.66 0.79
55.50 20.33 2.09
144.03 24.56 9.82
77.42 101.19 7.17
73.86 154.72 3.98
15.31 116.61 5.70
27.65 36.55 2.29
77.09 64.51 7.37
89.04 26.46 0.38
11.93 120.64 8.64
87.52 140.46 6.88
115.27 54.55 1.08
63.84 154.42 4.66
68.88 103.02 3.93
153.57 18.15 0.18
75.75 36.26 8.11
44.03 34.59 6.49
112.86 50.44 2.91
50.43 32.91 5.46
108.92 32.30 7.40
158.24 73.01 3.71
163.68 138.82 3.11
2.87 49.07 10.09
144.98 42.44 7.84
114.49 158.23 3.11
102.90 108.92 9.42
55.62 107.61 0.95
72
44.45 113.57 4.44
147.85 17.76 2.01
62.14 117.27 5.81
153.98 65.28 3.73
10.13 60.80 3.44
10.60 78.79 3.99
69.36 9.21 9.64
16.87 81.60 5.46
106.24 161.96 3.85
7.47 110.96 1.85
157.24 128.97 5.14
157.97 4.64 5.50
156.28 76.21 4.30
17.91 28.76 2.67
112.98 40.83 3.06
99.26 145.66 1.29
25.97 9.26 8.98
109.90 71.99 4.35
64.53 59.25 6.87
30.13 5.60 4.14
121.65 143.12 4.47
28.62 56.49 3.41
155.60 1.32 9.91
11.58 146.20 4.39
89.75 52.69 6.89
109.79 120.65 8.51
3.86 66.36 0.85
112.81 19.01 1.80
162.22 124.27 9.53
78.66 113.91 8.12
20.19 126.02 3.71
93.27 79.30 2.56
126.10 76.88 8.53
66.21 140.43 7.99
97.67 68.65 2.70
100.97 70.71 2.34
23.78 136.10 2.79
49.50 79.24 7.38
94.54 156.09 8.60
126.45 59.88 3.25
127.97 46.08 0.61
36.75 163.48 0.07
61.11 17.33 5.58
88.80 115.21 4.40
114.07 161.90 1.19
59.79 73.78 0.14
13.10 32.57 7.40
17.16 90.57 8.87
156.13 71.36 2.62
87.07 57.69 2.84
155.42 80.63 2.70
96.70 19.59 6.31
67.54 118.23 1.79
24.19 98.51 1.98
77.43 73.34 7.08
47.94 98.97 10.06
114.30 12.84 5.38
49.16 35.52 5.92
121.96 67.62 7.07
159.51 151.65 0.51
17.18 18.60 7.75
121.46 128.94 1.62
137.70 20.32 5.35
78.47 161.67 7.28
95.88 45.31 9.16
142.34 122.21 8.46
126.59 13.51 6.11
76.86 95.74 0.25
108.34 121.16 9.79
141.97 17.71 2.21
20.63 91.10 0.83
45.55 101.85 9.45
100
22.55 21.20 7.07
72.87 46.73 7.17
48.21 159.73 1.05
122.05 53.81 6.76
126.72 129.70 3.99
123.75 77.19 10.16
109.40 61.44 8.54
44.48 114.83 6.37
82.17 159.06 7.22
31.76 23.54 4.27
55.70 70.12 9.62
95.99 92.19 7.38
18.00 22.69 9.96
46.13 91.44 6.37
97.44 58.83 5.29
40.80 154.24 1.77
114.82 140.08 1.39
128.26 152.65 2.12
2.58 115.15 3.41
143.06 71.88 9.97
135.74 108.01 3.10
144.29 63.97 1.32
74.35 104.76 1.46
13.18 17.24 2.11
44.06 140.68 1.57
103.61 24.54 9.26
139.13 62.33 9.13
151.95 120.91 3.84
68.33 124.04 4.41
43.35 119.37 5.30
145.50 7.05 5.31
44.51 96.78 7.60
89.57 36.82 3.02
6.55 3.51 4.80
32.54 109.84 2.92
8.27 71.87 3.53
50.06 159.05 9.96
138.22 42.76 2.64
78.10 64.85 6.31
142.46 120.00 7.40
156.07 53.61 3.64
16.35 66.31 4.44
163.40 27.15 8.94
23.61 104.92 3.11
33.83 111.34 6.40
158.99 32.13 7.18
72.88 147.99 7.50
58.14 55.04 7.89
144.00 154.04 3.27
96.31 124.08 8.86
102.73 106.12 1.11
63.16 29.25 4.58
108.76 40.77 3.09
41.46 38.77 4.26
107.65 120.38 6.27
10.81 155.93 3.73
125.17 139.25 7.76
23.68 120.71 5.82
50.01 25.78 9.30
33.93 149.61 4.61
118.94 162.49 4.60
28.95 152.62 3.40
146.62 125.79 3.79
26.72 131.99 2.52
146.05 144.73 1.06
33.36 128.89 4.62
126.12 86.14 8.73
75.52 5.00 4.83
46.98 118.93 4.10
143.09 51.54 0.77
74.74 9.25 0.46
115.13 1.74 6.09
80.40 144.16 0.01
152.11 0.43 2.46
132.64 93.14 7.26
152.18 1.78 7.26
97.12 84.64 6.31
50.64 3.59 4.91
30.72 118.79 0.02
3.01 133.76 0.80
83.91 162.39 7.55
4.68 133.84 7.84
158.31 61.35 5.56
8.19 4.53 7.46
93.03 65.85 7.64
119.53 132.47 2.73
116.32 126.70 1.20
47.03 144.29 1.00
75.19 112.04 9.32
83.17 156.05 9.03
111.87 74.88 8.12
0.35 66.63 7.99
161.66 48.13 6.26
134.78 43.40 7.90
25.79 87.55 6.17
71.48 113.98 0.76
55.18 143.28 3.82
134.87 51.66 3.41
118.27 151.35 10.21
141.58 54.91 7.89
48
57.29 117.95 3.60
27.94 159.51 4.89
148.72 144.69 4.54
58.63 8.98 3.46
125.31 141.52 10.02
158.96 80.08 2.55
131.91 150.23 10.03
62.88 73.88 0.87
44.01 51.71 1.74
70.66 114.17 8.32
163.82 32.38 0.72
73.90 126.29 6.06
143.45 157.81 1.11
48.63 28.34 7.87
67.87 62.93 5.34
150.78 57.27 7.23
6.84 89.42 9.65
1.25 55.55 9.50
75.85 163.10 1.74
6.55 44.35 6.75
36.81 114.87 0.43
98.20 109.62 3.78
55.57 116.27 5.42
29.22 104.10 3.81
78.73 86.17 2.02
46.09 124.56 7.69
50.37 55.26 0.72
86.67 52.94 9.63
132.16 56.15 7.58
24.31 136.47 8.34
106.48 13.18 4.64
23.79 97.44 3.08
48.16 46.62 5.80
163.26 96.18 7.58
58.67 21.18 5.01
34.57 20.79 3.85
161.43 154.41 6.38
135.98 1.27 4.52
73.29 91.70 2.94
113.03 20.67 9.16
15.54 142.08 7.10
26.18 92.80 6.13
155.57 117.24 10.08
65.82 19.30 6.52
19.68 91.63 3.05
22.70 150.02 5.47
130.98 14.63 6.98
85.70 31.64 5.86
69
66.36 52.68 7.12
88.98 41.52 1.47
49.15 152.12 1.89
109.25 127.03 9.70
27.66 103.63 7.00
26.46 76.85 0.64
143.92 71.46 8.91
84.09 19.25 6.27
13.07 88.55 2.63
86.04 62.11 8.74
58.12 2.18 8.54
41.68 18.68 0.08
88.79 12.00 10.08
145.20 117.33 8.70
17.79 134.34 3.78
92.11 81.86 0.44
141.39 79.28 9.95
22.85 59.54 3.97
9.15 114.28 8.43
42.72 102.47 3.75
25.20 77.70 7.86
163.19 102.64 1.12
36.83 102.98 10.22
155.58 103.53 7.34
125.54 48.01 0.93
110.30 94.69 9.77
26.10 68.13 9.56
33.22 10.42 8.45
60.07 0.28 9.79
72.69 124.36 5.85
132.51 67.52 3.46
143.32 78.42 0.31
143.22 79.21 1.15
102.80 64.98 0.60
111.72 139.75 7.40
157.67 157.15 1.04
9.95 63.73 2.45
86.24 42.41 8.22
24.21 107.46 8.62
134.07 150.49 4.23
54.68 128.47 5.63
20.79 94.92 2.46
159.48 101.11 1.75
23.38 73.09 2.99
37.55 74.27 7.39
104.47 85.90 1.72
100.76 119.04 5.08
87.27 116.63 1.68
92.77 18.29 4.80
76.52 6.49 7.26
66.20 138.48 3.00
64.94 106.70 1.89
37.71 74.05 4.85
92.72 10.47 8.55
24.18 141.06 7.22
149.37 102.19 2.13
18.23 78.41 8.67
1.67 124.73 2.84
136.11 83.56 3.66
67.84 76.32 6.57
128.69 61.99 0.62
42.74 138.18 2.74
143.00 149.75 1.08
106.03 18.20 5.63
36.11 83.19 5.81
34.19 109.76 7.70
83.90 1.39 2.06
44.69 30.94 0.90
30.25 8.60 8.83
20
61.45 105.01 0.14
1.40 1.46 10.00
131.05 160.94 5.66
48.13 75.03 9.36
9.63 106.28 9.85
0.44 44.76 3.30
143.93 76.15 8.52
161.73 11.24 6.27
110.22 122.72 8.95
129.49 114.62 5.38
118.29 155.64 9.54
5.23 158.30 7.87
145.73 51.19 5.23
75.01 90.85 8.67
129.54 7.51 7.83
131.04 77.15 6.89
19.83 113.71 7.08
111.82 60.44 1.92
137.24 36.05 8.88
53.89 109.93 2.92
52
96.95 66.87 2.59
74.22 36.69 8.63
76.95 118.93 5.94
109.01 39.35 6.71
65.43 127.04 3.68
89.93 151.20 5.58
147.49 46.21 3.45
15.97 16.24 8.62
161.53 35.16 10.12
106.88 29.00 7.07
138.27 1.19 8.61
67.05 136.43 9.49
54.21 104.73 0.96
111.50 70.87 6.84
73.26 18.15 3.78
18.44 154.20 6.70
155.47 163.68 3.40
95.39 15.02 9.25
96.56 92.00 3.13
149.80 92.92 1.77
41.03 75.53 0.75
10.15 47.12 6.27
54.78 23.81 6.23
20.30 33.57 1.48
37.18 143.50 0.16
123.09 119.82 6.85
89.31 60.53 1.14
138.78 30.48 4.15
60.60 34.25 7.19
52.40 68.26 10.05
82.76 33.14 7.45
53.25 2.14 6.53
51.58 43.60 0.01
62.90 112.17 2.56
157.07 25.22 9.03
78.76 56.84 7.11
133.48 28.42 2.69
146.77 3.51 10.01
57.22 18.14 0.07
74.03 73.26 9.52
116.34 154.97 2.31
46.16 141.41 6.86
86.46 79.26 9.80
110.58 41.13 0.33
37.74 94.50 9.73
89.72 41.27 4.92
39.14 68.09 0.18
67.64 128.86 0.05
155.24 63.77 4.52
6.21 145.79 2.73
123.10 96.59 2.29
135.13 81.55 6.50
91
114.22 27.26 3.55
40.26 110.68 7.19
83.34 122.95 7.33
111.00 114.79 4.05
119.80 29.92 2.36
152.04 58.43 0.89
12.62 68.62 6.70
127.73 75.96 2.39
8.45 107.50 2.67
54.43 150.88 7.92
113.44 2.58 2.27
2.32 66.76 4.22
161.14 28.81 8.60
96.27 50.75 8.94
50.35 141.05 7.53
32.70 77.29 6.90
122.79 141.99 6.21
122.30 76.90 4.68
100.29 15.00 1.12
16.26 57.87 6.55
15.90 94.85 9.27
101.52 54.90 6.66
129.17 126.42 3.37
153.46 12.72 1.10
108.25 58.66 0.08
80.06 131.51 4.03
137.85 72.26 9.18
24.95 49.34 3.84
109.44 41.14 1.80
93.28 62.32 7.66
137.46 11.97 0.53
135.86 78.69 4.17
68.73 42.51 0.58
86.89 112.85 2.52
50.33 52.05 7.06
61.02 28.94 3.24
38.15 23.32 4.29
153.93 98.82 3.09
83.70 31.34 0.96
140.89 78.13 3.68
81.85 122.74 0.57
134.18 125.61 5.68
102.88 92.27 4.36
95.29 149.77 7.59
147.33 138.44 3.53
121.17 98.95 2.47
68.75 161.70 0.13
152.55 64.22 8.25
13.73 121.84 9.34
92.55 107.04 5.08
154.21 93.71 4.97
29.45 58.97 8.08
92.71 73.02 4.15
95.72 28.63 6.13
65.52 127.74 0.29
14.24 39.69 4.69
2.77 33.81 9.52
117.97 92.36 6.51
38.66 28.75 9.20
148.97 141.37 3.08
118.23 15.90 9.78
55.34 5.24 6.09
144.55 28.94 10.19
155.65 90.23 6.40
146.86 109.17 6.99
144.81 45.46 5.34
57.53 21.13 4.05
105.60 95.40 8.80
82.11 94.17 2.17
112.66 146.64 2.67
20.77 105.96 2.37
111.73 65.37 5.15
134.19 110.56 8.53
76.94 128.36 5.41
125.96 7.49 4.02
146.42 36.29 8.01
43.04 110.97 5.98
94.38 88.97 5.37
8.06 25.49 9.17
37.99 1.31 3.18
9.44 115.81 7.23
94.11 66.51 2.17
13.95 22.95 4.94
159.26 18.33 6.47
146.90 34.12 2.10
116.83 121.21 0.61
65.75 88.49 0.80
55.55 70.56 5.16
132.52 41.33 9.71
53.50 98.06 9.86
32.27 55.91 0.70
61
154.56 31.24 3.71
30.11 65.99 4.84
86.55 153.95 10.13
86.96 142.61 5.72
83.68 139.69 5.45
81.12 21.93 6.98
44.70 34.13 5.77
28.08 29.18 8.29
58.27 157.99 1.41
63.33 6.11 3.37
132.04 95.25 8.82
119.57 52.12 8.09
97.40 53.24 6.15
52.51 56.18 4.10
163.01 20.59 7.43
30.40 100.08 4.92
116.64 0.94 3.52
117.51 37.13 2.23
141.65 156.97 3.15
8.64 41.75 1.02
82.16 145.39 1.91
60.57 130.93 6.72
152.93 139.37 2.40
73.96 66.02 9.16
24.00 13.06 6.15
81.82 33.80 0.02
43.66 6.82 8.93
155.68 89.57 7.34
90.62 16.49 0.87
146.98 162.49 7.29
81.50 153.25 4.82
100.75 16.79 4.53
10.71 161.71 2.79
34.03 156.79 7.97
1.50 92.04 1.03
42.93 110.59 6.64
6.79 4.10 6.57
76.81 61.20 5.86
162.83 129.41 3.26
132.44 88.71 7.00
125.84 9.17 0.76
31.15 65.67 8.74
112.80 77.98 1.45
140.82 55.13 8.52
122.39 109.37 4.13
63.00 117.90 0.94
127.27 103.69 0.13
64.83 56.92 9.06
44.95 146.07 2.46
34.73 145.89 2.75
159.15 21.86 3.82
24.75 127.69 1.83
18.16 136.07 6.64
34.86 114.21 3.23
73.96 82.52 9.33
61.65 103.03 1.82
124.86 7.40 2.19
38.21 156.12 6.45
152.53 83.28 5.74
70.88 104.74 6.59
117.02 148.68 0.83
75
97.90 74.42 3.29
103.70 141.26 1.80
35.55 62.27 7.52
77.64 161.88 4.20
99.63 87.33 2.30
91.47 11.11 5.45
75.41 98.76 6.03
130.29 110.89 5.10
134.79 33.61 4.95
9.69 116.28 1.43
124.85 14.43 5.26
30.26 25.21 3.87
114.66 112.14 1.44
85.48 56.19 3.43
40.58 69.51 2.66
1.16 115.67 9.75
40.35 63.67 4.65
54.18 40.71 3.82
160.76 101.73 5.26
111.50 111.77 5.10
23.53 10.73 0.94
3.28 23.93 8.75
81.70 83.31 4.16
48.79 145.08 3.67
127.97 87.56 0.54
145.19 98.90 3.89
35.97 35.28 8.01
124.60 153.34 0.10
80.18 73.93 4.55
14.61 141.59 7.02
157.03 150.60 4.55
51.86 40.15 0.94
26.15 85.89 5.26
59.23 133.45 7.00
132.96 94.86 6.14
0.34 115.17 8.20
120.59 98.07 9.61
9.68 145.85 2.99
13.73 107.44 4.38
59.24 58.39 6.47
0.28 72.10 1.87
32.51 35.80 4.29
112.66 99.56 0.25
56.15 158.42 6.68
87.02 160.26 9.05
39.32 60.78 5.06
87.70 145.34 0.39
160.35 92.93 6.80
104.87 111.50 4.57
77.37 132.20 8.19
78.01 76.20 4.97
39.10 116.79 1.13
65.30 54.91 9.07
3.81 144.99 1.52
33.53 20.63 2.02
57.36 55.06 4.18
137.24 23.04 3.73
62.57 1.52 10.17
149.90 128.32 2.54
17.10 69.30 9.23
60.33 149.13 9.89
162.15 161.20 7.45
121.38 152.40 1.22
79.24 81.25 3.41
6.86 112.12 9.80
107.63 18.96 0.92
154.55 114.62 9.39
24.90 9.96 0.68
32.84 64.17 8.69
123.64 83.31 1.64
93.96 45.68 0.03
42.83 81.81 2.59
132.80 115.39 1.63
65.09 64.76 8.98
66.46 15.89 6.37
15
87.56 127.57 9.41
28.63 94.39 2.09
141.38 131.48 5.79
21.75 81.22 1.34
90.38 14.10 2.87
90.24 136.66 1.31
117.41 69.45 9.57
22.39 11.16 3.30
89.08 16.83 6.65
40.02 63.67 7.22
113.00 130.20 0.19
135.44 147.65 9.46
94.37 118.72 3.09
15.89 94.13 1.37
30.33 61.54 5.15
40
68.24 122.41 9.23
12.23 83.26 4.83
36.94 79.25 0.91
84.54 1.59 4.14
26.18 95.45 1.09
77.02 129.20 6.66
102.25 105.80 6.19
69.98 76.36 4.94
19.68 62.55 6.30
5.30 53.35 8.36
44.40 63.23 8.62
76.40 161.94 8.56
103.29 0.46 6.82
25.38 62.20 4.35
157.52 75.69 4.57
107.49 49.45 0.55
147.16 141.36 4.09
117.31 12.18 9.11
154.95 2.82 1.56
98.52 32.62 4.41
38.51 11.01 8.83
150.55 51.51 0.27
19.07 131.12 6.15
88.58 130.51 5.25
149.29 131.60 9.84
121.08 39.68 0.38
60.83 142.50 2.86
43.05 58.66 5.26
115.58 104.22 2.65
55.12 60.57 10.00
10.48 34.80 1.84
12.52 129.89 1.95
43.67 17.48 3.30
127.89 122.35 7.27
120.92 18.30 0.92
72.89 16.66 4.42
100.08 115.47 10.15
46.24 35.13 6.56
115.93 91.83 0.07
92.33 6.49 7.89
87
50.84 140.16 1.91
5.80 21.57 4.81
29.16 133.17 6.03
146.55 133.61 9.78
86.23 99.90 2.11
109.79 37.65 1.13
4.12 91.38 3.19
88.36 11.80 1.31
65.15 16.08 9.93
116.00 2.74 3.42
99.32 97.21 4.37
83.15 84.16 6.95
60.59 58.13 6.60
83.15 147.50 9.81
104.69 72.68 9.70
152.85 21.36 9.87
30.71 152.26 2.74
37.50 59.38 6.60
8.15 102.27 1.02
20.06 114.40 0.98
25.77 66.68 5.36
42.83 147.55 0.54
84.87 141.90 5.36
120.05 38.05 4.55
68.67 90.09 0.25
115.04 162.25 3.72
11.93 23.66 6.15
83.58 67.26 7.84
119.70 62.21 1.63
112.92 97.54 1.87
151.67 102.67 7.24
55.70 76.31 4.90
78.96 51.73 0.60
31.25 115.48 9.22
65.78 106.56 6.49
23.68 67.78 4.51
73.25 102.87 2.50
120.50 19.64 9.30
58.37 37.37 1.47
17.23 4.53 8.65
24.33 99.46 4.00
93.00 60.55 6.91
2.77 41.61 4.40
162.50 65.66 1.91
160.62 62.00 7.15
76.35 0.56 9.69
2.11 57.49 0.73
5.00 0.44 3.26
98.90 14.66 10.14
120.30 60.74 3.02
74.05 87.32 2.71
48.30 147.08 0.76
16.12 11.75 0.39
73.60 102.35 2.09
0.89 13.17 6.68
141.03 29.95 10.23
26.89 152.57 0.06
1.95 32.08 9.74
44.01 128.83 1.54
1.49 62.88 3.62
98.95 61.40 9.71
50.99 123.64 0.57
4.66 131.48 3.30
3.31 16.71 0.07
15.20 65.89 5.79
115.26 129.10 2.77
38.01 56.09 2.40
76.96 152.78 1.84
69.92 91.61 0.85
32.58 151.88 8.74
13.07 121.86 1.98
149.08 15.26 6.49
151.42 144.32 7.20
100.92 94.36 1.04
73.92 126.49 8.07
117.03 10.83 9.07
137.35 83.33 1.55
137.49 148.08 5.42
109.37 106.06 3.73
100.99 32.95 2.07
113.74 145.07 8.94
143.40 149.11 1.01
119.50 4.75 9.23
73.34 56.44 9.49
62.08 28.97 4.49
69.56 157.59 2.07
73.91 36.91 6.86
58
86.76 85.59 9.61
99.66 45.63 5.08
109.36 113.31 3.64
40.84 112.83 0.80
121.67 86.18 5.75
7.74 131.40 2.95
114.25 43.97 2.55
1.73 111.82 9.76
76.08 131.78 0.92
23.64 104.10 6.32
74.88 48.66 6.00
28.77 102.01 6.36
30.14 132.96 2.41
44.78 118.70 9.06
104.65 101.87 7.36
106.32 4.51 5.00
46.49 159.60 6.23
106.74 90.55 8.25
60.88 55.77 4.19
82.81 121.01 4.01
39.86 5.25 8.11
115.12 112.05 4.43
56.48 5.43 6.45
87.04 110.05 5.80
44.51 51.98 5.70
63.84 90.85 7.58
160.80 146.16 0.76
35.05 88.69 5.73
24.03 45.22 5.42
159.27 23.38 9.85
66.60 82.48 8.06
87.31 0.93 9.15
14.64 42.40 1.27
77.66 70.22 1.60
29.30 123.20 6.18
114.49 40.98 0.96
146.37 49.01 0.74
27.86 134.01 10.16
48.65 106.22 7.77
150.73 143.75 4.91
142.49 118.08 2.37
47.91 0.56 5.24
95.75 29.10 7.30
154.05 54.43 4.19
19.69 104.64 6.17
116.31 163.62 0.19
132.12 32.64 5.69
89.38 97.40 4.28
59.55 147.71 3.42
118.17 122.44 9.74
95.97 39.74 6.68
76.94 9.76 7.20
101.66 2.60 8.37
26.46 42.50 5.04
78.27 103.34 7.73
9.11 146.61 8.18
16.44 63.00 7.97
153.16 16.01 0.51
5
141.89 112.92 0.31
111.55 40.38 3.12
112.97 141.32 4.26
38.78 76.51 5.44
99.89 13.08 7.96
23
148.49 89.46 2.79
2.44 3.45 8.47
47.20 82.00 4.37
93.95 81.50 6.85
67.53 157.12 8.48
83.21 152.27 2.35
95.07 126.16 1.21
159.59 69.37 5.11
101.04 83.05 1.61
57.63 1.98 6.58
94.82 133.45 1.54
39.70 94.33 7.90
61.16 13.78 5.77
135.80 160.56 8.67
142.49 80.38 6.73
153.31 108.37 1.14
162.33 157.01 1.30
48.18 70.68 3.38
27.18 28.49 6.32
19.84 102.16 2.62
134.84 10.94 4.76
5.34 3.21 0.04
123.07 114.87 0.03
6
91.47 120.79 6.22
27.91 76.83 2.13
134.08 31.92 8.80
161.91 58.14 1.96
31.02 96.66 4.42
73.95 71.42 7.01
50
42.35 64.92 2.13
117.96 75.57 5.64
136.41 65.69 2.83
80.11 147.90 2.77
57.38 44.94 8.20
114.51 61.85 8.35
67.98 108.88 1.27
149.72 89.11 4.88
147.91 101.06 6.96
27.00 12.69 9.59
148.15 45.91 2.93
144.17 109.36 2.49
141.66 12.59 3.61
56.03 68.31 10.22
96.61 19.46 0.50
39.18 85.58 9.56
132.90 73.38 2.21
58.91 149.24 8.56
136.93 147.70 8.99
124.53 25.69 7.78
139.91 152.52 9.19
92.53 53.70 3.46
156.21 73.61 7.80
98.55 120.47 1.29
100.00 19.79 9.36
11.78 48.02 0.67
8.87 0.65 2.36
51.58 115.99 2.56
49.81 126.80 3.47
51.44 151.25 9.85
75.13 88.59 9.03
110.74 152.41 3.66
15.31 42.94 5.47
56.35 158.47 5.85
97.26 28.06 2.71
79.26 26.45 1.35
5.18 109.79 6.26
67.70 153.78 3.61
14.73 49.97 4.51
159.04 80.35 8.67
7.98 132.10 9.94
14.75 149.60 8.60
54.45 140.70 7.97
133.32 119.29 1.14
29.63 84.56 7.81
162.53 82.20 0.84
75.40 53.64 2.10
12.27 133.66 9.23
45.71 63.91 7.68
140.90 121.77 4.74
69
63.88 44.66 3.40
135.36 88.01 9.87
151.95 47.95 4.16
161.98 83.68 2.91
26.26 140.50 0.77
131.77 159.62 9.54
83.70 142.99 3.95
14.16 31.45 1.99
148.48 86.95 6.48
67.54 100.15 3.63
3.43 133.06 2.42
145.32 114.19 6.90
71.27 72.94 3.75
72.41 121.67 0.26
161.83 108.89 3.98
118.24 57.34 4.19
135.41 65.16 9.89
65.19 146.93 2.34
99.95 154.19 9.13
85.17 59.34 3.56
154.26 19.77 7.24
42.41 132.02 0.13
25.35 112.72 5.72
63.21 78.85 5.11
1.58 16.51 8.83
155.00 159.91 7.35
99.77 95.91 3.43
128.79 64.40 5.20
72.93 10.60 9.62
74.41 38.21 9.23
95.61 127.43 9.64
58.61 145.49 2.02
8.39 118.98 8.94
100.00 143.70 6.52
140.33 29.94 0.91
56.55 21.56 0.14
35.87 73.52 1.47
31.47 17.61 0.63
140.81 24.96 8.74
71.39 116.77 4.24
68.42 85.81 4.85
28.98 42.66 4.51
111.08 60.64 0.37
155.14 98.63 0.47
83.96 15.99 6.98
123.25 133.13 8.13
118.85 117.43 3.24
123.91 154.24 3.76
72.65 140.13 9.04
1.80 83.28 4.15
105.45 84.86 1.44
115.38 143.52 2.12
114.50 94.17 8.95
143.64 35.57 2.22
61.71 29.06 1.31
106.80 90.36 0.25
61.15 99.31 2.48
115.94 47.93 4.14
125.49 79.78 2.57
109.43 21.59 8.51
20.43 45.31 5.34
104.42 4.99 7.61
61.41 127.37 1.45
83.79 22.35 3.29
153.14 23.02 3.06
112.69 125.15 0.37
150.28 3.83 7.91
49.28 127.05 3.67
32.05 92.37 6.79
97
59.55 131.36 0.29
139.30 96.86 7.75
48.88 4.70 6.68
38.56 5.60 10.13
23.58 94.40 6.63
101.69 58.44 6.93
60.07 41.63 0.41
27.56 47.78 6.22
25.95 44.07 2.88
127.42 133.25 10.21
131.47 110.82 4.53
12.14 79.01 8.93
144.81 112.62 2.80
22.44 90.48 2.06
17.56 39.59 3.65
125.09 157.15 0.20
146.40 68.24 2.45
46.43 128.52 6.90
149.78 75.73 6.90
50.55 39.34 1.13
109.26 32.21 8.52
158.70 11.11 5.84
55.60 70.64 0.10
151.86 80.03 2.62
21.98 28.36 0.57
20.30 122.75 4.04
90.74 48.23 3.55
7.80 25.75 7.44
105.32 10.53 0.20
6.55 109.68 7.22
98.32 117.72 8.18
0.78 111.66 3.12
148.94 147.15 8.26
143.71 84.25 5.69
51.39 129.28 2.18
67.21 128.27 1.10
4.62 59.10 9.15
8.29 90.84 7.24
47.55 53.37 5.19
58.97 84.42 8.33
123.62 15.22 5.24
132.51 155.79 10.08
31.03 60.37 4.87
111.19 80.00 0.42
153.77 37.28 6.69
141.74 35.01 8.08
131.47 31.79 2.99
50.84 39.99 0.63
19.08 13.29 1.49
119.17 103.70 7.58
29.66 21.38 3.11
155.98 14.46 1.46
137.17 144.17 3.00
153.53 148.07 0.50
15.15 155.95 1.81
51.33 68.76 1.19
124.51 146.55 3.87
132.98 27.43 1.14
20.23 95.50 2.06
109.62 36.26 0.66
162.70 59.38 8.80
62.19 2.67 7.97
10.21 68.93 0.17
14.27 27.11 2.79
50.05 3.87 6.17
88.49 94.76 5.12
120.85 28.48 6.65
113.43 110.38 5.98
72.73 37.75 1.60
30.95 91.67 1.43
156.13 92.06 0.06
17.00 137.42 9.31
123.59 138.15 6.12
13.69 89.57 9.23
24.86 76.68 2.61
120.75 140.26 1.13
109.85 111.83 4.69
107.27 133.88 6.54
45.51 15.52 7.02
140.94 99.66 10.17
51.82 15.20 4.70
32.58 21.02 0.46
79.66 49.28 10.01
104.58 105.44 5.45
11.88 25.79 4.22
126.70 112.36 0.04
85.42 87.39 8.02
90.68 132.09 0.77
87.40 56.61 0.07
138.03 147.00 1.90
150.45 144.49 7.51
118.69 25.05 2.28
147.68 161.87 1.45
35.82 11.86 1.71
108.06 49.44 9.54
144.02 25.89 6.32
11.76 74.46 0.31
2
17.76 52.51 3.42
34.68 129.58 8.36
66
147.18 125.23 6.65
30.84 6.78 3.66
125.70 155.90 4.78
114.24 154.70 6.80
128.40 29.33 3.51
94.24 64.04 9.89
0.04 142.53 6.78
63.50 147.47 1.85
82.04 12.56 2.33
35.47 79.37 6.52
36.17 30.96 9.69
141.79 13.28 0.27
46.65 1.16 5.00
59.56 156.89 8.76
8.78 113.24 0.89
58.63 87.96 4.49
72.13 122.54 3.60
16.18 57.50 7.11
70.38 14.20 6.71
86.07 107.87 1.01
20.16 136.85 4.92
126.08 22.00 7.70
46.66 116.86 8.76
77.89 8.36 3.70
125.29 115.49 10.17
67.60 92.88 3.81
34.60 32.63 2.45
121.56 108.93 1.54
14.16 134.07 3.32
129.07 133.08 1.02
71.80 32.96 1.06
76.07 100.66 2.82
62.49 114.92 5.46
78.74 129.25 1.93
48.98 111.02 4.34
94.03 78.78 3.83
30.89 26.78 5.69
114.23 137.50 0.17
72.95 97.26 7.79
150.94 126.04 3.59
41.96 105.89 4.59
64.65 111.41 9.07
65.82 147.23 0.85
7.83 77.68 9.13
56.12 140.32 9.07
31.86 117.15 9.81
14.89 161.09 8.25
50.59 124.43 3.41
79.51 145.03 7.71
18.54 137.66 6.84
40.61 61.72 3.16
50.03 149.19 9.62
14.60 136.88 1.14
64.61 128.72 6.25
40.20 82.80 5.16
46.14 69.68 5.50
138.16 0.76 6.33
57.81 55.71 5.90
122.33 159.72 3.95
53.82 124.10 3.38
101.21 131.45 9.12
17.58 51.85 0.35
25.76 69.24 7.59
23.06 15.56 9.12
45.27 116.50 4.04
125.24 23.92 3.93
65
78.41 77.54 4.40
112.48 137.26 2.42
151.23 67.04 2.66
120.57 21.00 9.90
4.21 101.69 1.33
24.52 79.75 3.54
97.93 68.95 8.48
124.63 38.90 1.35
55.40 119.05 1.42
90.63 48.78 0.94
18.03 119.10 5.91
68.15 63.54 5.81
87.27 68.17 1.74
53.87 138.83 2.22
50.36 126.98 7.41
41.53 102.75 4.65
92.98 77.91 1.92
45.25 108.22 4.52
16.85 155.50 5.30
156.88 90.64 9.08
128.99 19.30 8.74
137.64 78.56 7.39
41.79 163.59 9.64
150.84 51.54 4.60
76.36 114.25 1.18
101.23 7.05 7.87
18.03 139.08 8.67
4.18 146.35 1.86
46.10 45.32 0.48
143.30 143.81 2.94
49.11 76.37 5.62
109.33 157.23 8.56
116.03 109.15 9.07
27.23 22.40 6.82
86.28 42.31 0.19
5.82 118.50 10.15
125.59 104.90 4.98
78.92 19.75 0.87
121.23 91.92 4.15
117.84 128.25 5.88
113.93 70.53 5.44
31.89 120.97 4.76
118.89 25.46 4.85
115.67 142.67 6.01
66.15 103.21 8.66
159.55 93.26 2.01
163.22 149.06 4.97
0.40 14.36 4.89
51.79 99.64 4.37
36.87 82.39 3.42
157.08 113.23 9.51
14.83 34.09 9.06
109.47 156.41 1.39
160.08 56.72 2.03
94.65 85.42 2.90
128.32 60.75 8.06
112.85 84.25 6.97
7.10 116.25 0.91
90.78 57.04 7.06
2.63 107.51 0.59
68.96 44.82 3.73
40.22 81.42 6.75
126.17 127.41 5.96
33.65 133.28 6.82
41.90 100.96 9.41
69
73.22 96.50 0.30
55.45 82.54 2.45
16.04 77.47 0.73
99.78 67.52 9.11
132.77 140.09 5.60
13.26 1.81 1.06
144.66 16.53 6.59
44.69 88.74 7.23
42.50 61.41 8.44
35.51 52.96 8.65
88.25 58.27 4.08
59.90 163.79 2.15
157.05 131.35 9.20
147.40 58.07 2.46
163.69 60.54 3.53
48.08 135.44 0.12
149.39 128.97 6.95
113.44 21.71 6.95
25.39 35.01 10.14
132.50 111.69 1.35
2.79 10.60 6.74
38.89 123.60 7.01
130.38 139.67 2.19
87.68 111.58 6.13
69.28 48.86 6.47
81.84 44.42 4.35
131.49 14.93 4.04
88.08 41.66 0.47
34.18 25.75 9.12
79.06 103.70 3.05
116.09 20.81 9.15
65.75 92.31 0.90
154.21 20.31 4.98
146.89 75.04 8.65
25.01 138.51 6.15
25.20 77.61 7.83
34.73 139.27 2.87
79.98 102.11 7.78
128.30 67.13 5.81
20.32 60.39 5.07
117.34 77.50 4.51
8.06 87.25 6.26
9.10 98.17 10.19
142.92 103.98 4.98
46.17 37.43 5.12
146.16 71.74 2.14
96.48 19.65 0.56
102.24 51.87 0.69
128.69 31.92 6.12
100.89 34.00 1.42
131.85 151.52 10.07
50.84 139.58 8.25
0.15 61.65 0.99
76.84 23.07 6.12
28.25 50.78 8.79
10.51 17.41 6.15
95.59 58.79 10.10
68.56 65.91 1.56
124.93 108.67 7.43
127.11 160.90 0.18
154.07 49.53 9.83
37.15 65.93 7.34
22.39 153.83 1.31
15.88 115.75 9.04
99.42 159.86 1.16
27.46 142.59 3.69
3.37 71.37 4.68
42.30 7.35 1.63
102.17 101.03 1.77
81
81.98 106.67 0.51
125.44 141.89 3.73
139.97 14.96 7.26
120.45 130.86 4.87
87.57 18.76 9.17
125.35 69.75 8.70
44.96 111.53 1.48
35.62 41.28 6.54
97.11 0.81 7.22
34.49 5.23 7.56
80.23 27.54 1.85
9.21 155.33 8.90
68.19 111.86 4.31
154.46 66.93 5.15
119.29 97.88 6.38
152.71 12.49 9.27
45.09 2.25 0.39
112.13 98.29 2.95
89.05 64.48 3.25
105.64 163.77 8.38
52.63 162.53 1.12
89.25 37.74 2.44
40.16 19.56 0.19
21.77 16.74 1.54
112.16 150.45 3.59
82.97 134.19 8.97
12.97 115.58 4.75
139.11 119.74 0.70
127.19 62.51 1.97
89.83 36.01 3.87
27.38 10.90 6.25
141.67 93.56 4.44
61.98 36.22 4.81
97.67 155.35 8.91
9.85 36.02 7.94
79.77 143.25 4.81
52.46 64.24 7.82
151.70 60.96 3.45
32.05 135.24 1.71
63.06 42.89 8.31
126.32 159.80 6.59
128.39 17.75 4.14
136.07 52.20 1.58
121.79 5.37 8.41
4.29 129.45 0.07
11.69 47.54 3.31
69.22 3.23 3.29
145.08 131.90 3.95
102.71 116.03 2.53
99.94 141.16 3.45
137.44 97.98 1.84
19.43 119.87 8.09
9.66 161.13 9.94
119.80 150.51 1.04
110.75 84.07 6.06
92.49 29.92 9.40
117.65 63.67 6.04
62.46 18.02 8.58
20.99 33.55 2.97
156.43 80.52 2.90
77.66 41.42 1.62
158.16 8.50 8.40
132.12 4.58 3.63
16.70 105.77 10.13
96.77 24.72 9.34
36.58 15.25 1.52
132.58 111.94 4.40
35.09 142.29 0.93
65.06 64.56 0.42
73.20 131.88 0.25
76.59 133.74 6.93
61.23 103.00 6.94
90.17 39.94 6.40
58.21 77.21 0.82
55.18 107.37 10.19
147.34 157.65 5.04
132.47 8.99 5.51
53.91 44.58 2.91
126.83 132.08 7.20
112.75 144.60 2.54
10.98 88.20 6.59
21
30.20 49.16 4.44
147.18 122.73 7.65
18.58 70.60 3.72
142.19 138.08 8.55
149.73 130.85 6.65
65.58 45.48 8.43
144.58 44.46 9.74
56.57 126.39 7.52
113.08 127.58 3.31
16.70 52.75 9.49
26.42 132.97 4.71
68.74 157.87 5.16
64.15 90.54 3.75
18.12 108.82 1.76
135.50 49.66 6.43
61.75 121.89 7.63
59.46 43.31 5.23
32.31 86.06 1.61
108.44 114.04 9.49
110.52 52.00 6.48
85.78 117.50 4.00
69
61.60 125.23 6.60
155.32 85.98 3.30
37.59 137.79 8.93
27.79 137.29 2.67
46.07 21.99 5.51
108.16 36.72 0.00
42.87 104.47 0.84
85.27 55.94 8.23
52.87 38.78 4.12
45.71 19.28 3.04
78.21 106.46 5.01
10.46 8.65 1.03
137.92 11.25 7.34
105.01 51.63 8.13
1.93 3.84 5.78
59.07 64.44 9.70
7.83 151.84 8.48
99.95 138.94 7.89
90.58 134.69 0.96
118.97 127.22 4.15
149.96 68.52 5.47
81.16 161.46 8.51
0.86 69.26 9.30
155.71 125.46 6.36
68.32 148.85 9.18
94.18 30.21 7.91
136.96 7.22 4.23
0.78 28.24 10.20
13.42 94.20 3.99
90.39 6.23 5.02
58.01 148.38 10.17
24.82 27.46 1.03
163.06 0.92 7.37
98.65 107.91 7.30
139.50 117.99 4.17
122.69 115.06 6.52
89.08 67.94 2.00
40.52 152.92 6.27
154.17 123.70 5.04
129.80 85.30 6.58
136.28 93.13 7.29
16.67 27.31 6.67
48.90 4.24 10.00
77.61 20.04 2.18
109.97 67.68 2.70
64.71 115.43 3.78
99.63 29.46 9.44
27.72 1.58 1.44
30.05 44.44 6.02
109.92 53.04 4.07
46.17 126.67 9.61
84.09 153.24 5.28
90.85 28.53 2.45
124.63 138.72 0.20
75.22 35.73 5.46
8.30 116.63 5.78
62.14 148.40 5.67
2.73 142.12 2.03
138.41 5.15 2.80
121.44 43.24 1.46
115.37 134.26 4.02
4.82 21.09 6.94
67.02 52.72 8.89
91.33 147.52 9.83
130.32 119.25 4.23
81.85 145.86 6.70
106.48 90.42 9.86
82.38 103.25 3.61
73.42 135.29 10.01
59
147.43 96.38 8.07
15.50 148.51 1.17
15.32 62.81 6.91
157.48 138.88 9.32
23.59 129.13 0.41
101.54 92.33 7.63
13.98 84.12 6.62
49.87 58.44 0.07
68.21 43.16 5.90
30.48 6.07 4.37
35.10 22.11 6.44
67.59 9.60 3.46
117.24 151.27 10.18
152.96 131.94 4.63
129.15 140.58 9.74
139.42 133.05 9.79
160.56 33.68 7.02
16.86 35.15 8.82
160.01 25.46 7.14
47.43 64.69 7.32
8.74 65.45 3.09
114.61 0.11 7.50
88.95 33.86 8.77
71.94 11.75 2.67
30.80 115.44 0.68
14.30 117.48 8.28
101.74 82.21 7.94
36.08 6.59 7.29
44.50 141.39 6.18
142.41 103.15 5.59
8.30 34.06 6.53
19.56 58.39 3.94
55.62 136.24 6.08
101.62 34.31 5.58
155.05 140.92 0.25
28.36 38.57 9.16
134.07 156.47 1.62
32.15 17.96 2.44
76.95 41.22 7.20
52.04 127.04 7.58
121.17 142.72 4.72
156.54 161.78 5.27
66.75 21.60 6.55
136.96 162.14 1.28
98.76 23.00 5.64
131.68 73.27 1.26
70.34 93.22 5.57
20.07 143.91 4.84
63.98 18.62 8.99
114.26 61.94 1.87
94.32 149.10 1.91
139.76 17.93 8.63
153.37 47.07 1.55
1.81 26.13 2.71
135.55 19.00 3.61
157.35 62.48 7.25
72.11 149.09 3.11
82.36 132.52 3.33
64.08 75.84 2.06
30
47.62 22.99 6.85
151.31 54.16 9.97
105.31 60.36 5.56
8.58 66.03 3.98
82.19 65.85 6.15
50.65 38.67 5.15
80.16 149.83 3.06
161.22 21.96 3.29
30.92 137.83 1.31
17.24 44.66 7.79
17.48 32.31 10.12
143.93 113.06 3.73
70.44 126.16 6.85
110.95 35.32 4.73
100.21 112.43 8.42
156.60 11.08 7.18
128.30 55.16 7.35
54.12 28.48 0.11
8.84 142.88 1.32
30.42 115.67 2.41
68.68 108.65 0.84
6.30 156.39 1.96
151.53 91.92 5.73
45.11 70.33 3.67
27.44 59.76 1.25
82.18 129.35 7.25
44.12 62.91 4.74
52.93 31.45 9.68
127.92 80.04 6.71
46.51 42.21 10.08
27
91.94 76.80 9.49
160.66 0.33 3.88
142.99 65.99 2.56
103.19 18.06 8.85
53.82 129.30 2.98
96.24 118.76 0.76
79.59 135.22 6.81
26.13 155.36 9.22
158.22 139.84 9.23
38.66 128.39 9.24
59.69 71.47 9.89
162.01 33.44 0.07
82.68 48.93 8.79
85.35 123.88 10.03
162.29 160.02 1.05
63.74 160.85 9.01
44.68 133.12 9.15
102.35 17.87 6.72
20.02 13.27 3.27
146.97 154.02 7.42
17.45 2.94 3.38
107.32 9.52 9.70
90.15 80.62 5.15
121.13 60.50 8.61
12.97 113.57 7.97
7.11 61.29 0.95
144.98 141.85 2.77
89
120.86 77.16 7.73
143.70 16.76 2.82
35.14 69.31 0.11
79.32 150.22 1.48
99.78 149.63 1.08
80.58 117.08 6.72
19.52 17.11 8.03
47.68 108.48 4.28
28.44 163.46 8.25
15.10 114.33 6.73
7.97 11.69 9.95
40.46 134.60 9.58
56.10 122.84 1.90
80.30 73.57 4.88
76.29 52.22 8.69
12.22 74.12 7.57
64.13 53.67 4.85
126.33 43.68 9.81
127.81 154.71 7.58
52.44 141.33 3.93
151.69 97.68 0.71
22.66 57.81 5.21
114.87 100.81 2.89
40.79 94.12 6.56
148.56 143.53 5.79
151.38 68.25 4.38
160.19 131.97 6.38
114.75 151.25 5.58
161.45 42.68 9.11
33.76 94.56 3.11
151.49 94.12 8.33
124.08 7.45 9.56
32.28 87.40 0.42
151.74 11.75 3.54
32.04 135.89 0.11
75.86 103.79 9.56
103.39 13.99 8.94
64.23 22.49 4.30
98.98 103.01 5.11
124.58 34.04 5.11
151.38 35.57 6.28
162.54 29.51 6.51
18.85 156.31 1.63
7.45 136.84 8.06
92.54 123.92 3.21
26.70 61.16 4.76
77.47 157.81 2.81
101.09 91.01 3.42
55.77 161.41 3.91
39.39 38.68 3.69
159.44 134.81 2.87
105.23 138.56 9.65
13.27 141.28 6.12
53.88 92.27 4.91
124.60 42.76 4.98
87.53 99.87 8.95
64.71 21.12 8.80
138.60 139.42 9.92
99.19 66.86 7.72
60.00 73.84 4.90
81.53 129.56 2.83
161.32 55.28 2.59
7.82 106.88 8.34
126.43 48.57 5.36
4.24 150.37 1.84
87.80 91.42 1.23
58.79 90.03 4.62
141.19 102.81 6.60
54.28 83.76 1.92
163.71 125.57 0.77
116.13 121.44 8.21
11.71 117.65 0.11
77.42 148.03 4.90
38.67 85.86 8.97
84.96 61.41 4.39
20.14 16.11 2.99
84.55 159.28 1.87
45.64 35.46 8.50
53.50 32.55 9.61
141.58 100.84 3.19
61.43 12.38 1.98
102.81 45.38 1.03
78.64 60.13 8.56
81.35 129.15 4.64
120.38 96.15 9.46
121.25 63.51 9.45
93.05 106.17 5.61
61.30 30.81 1.02
27.42 91.59 5.24
11
46.15 123.48 6.70
157.81 53.53 1.65
125.39 145.81 0.33
130.83 124.65 4.57
13.80 70.65 5.44
137.97 33.74 5.90
120.59 101.37 9.98
149.66 45.87 7.23
26.53 145.75 6.93
132.00 101.07 7.87
158.69 146.63 9.24
15
130.65 14.80 9.00
80.47 79.43 1.54
1.31 68.86 1.43
61.98 5.31 1.34
8.61 62.99 0.50
40.61 104.16 7.84
16.44 4.21 6.43
157.84 7.53 4.26
14.89 92.74 3.35
98.40 131.76 3.75
139.07 151.45 9.74
8.49 129.96 4.63
115.27 134.19 7.70
108.87 25.34 7.03
137.08 113.58 2.38
50
17.88 107.68 4.02
34.86 23.18 3.79
60.65 18.82 6.00
22.90 59.58 4.86
3.87 114.47 6.69
68.31 101.63 9.35
127.10 85.99 0.28
125.46 134.92 2.95
4.11 53.00 5.77
106.65 46.84 2.41
161.79 158.68 0.32
38.88 17.62 6.87
117.50 4.54 9.83
118.76 62.70 0.78
146.68 126.65 3.08
46.14 83.58 5.50
44.75 161.05 5.49
55.66 60.33 1.22
61.70 120.97 7.64
48.80 46.26 7.96
144.45 159.10 8.38
124.16 61.44 3.93
78.11 69.87 1.47
72.66 104.26 8.48
102.99 142.19 4.93
34.05 72.94 7.79
148.34 61.60 8.84
160.61 162.56 8.59
57.12 124.08 3.43
26.58 33.32 5.11
32.39 26.93 9.39
26.14 63.39 7.05
114.71 10.14 7.41
31.74 41.84 8.39
154.25 151.86 1.08
70.00 93.43 9.17
8.52 103.81 4.98
0.84 148.13 7.15
110.98 112.25 8.97
0.53 105.89 4.16
121.49 97.46 7.13
122.62 119.60 7.24
137.96 126.50 7.73
64.44 84.61 2.02
152.61 97.81 8.76
148.24 47.78 1.53
82.09 87.54 1.78
106.94 78.28 5.07
41.40 135.18 3.96
73.43 155.33 4.67
92
30.77 60.52 0.55
39.12 122.24 2.71
12.76 93.00 9.24
87.36 5.77 5.57
3.60 67.34 6.45
116.84 32.03 6.76
120.09 104.39 4.29
92.00 44.38 0.90
15.00 94.23 3.17
52.47 22.04 9.41
111.60 61.82 3.46
130.70 3.81 3.83
126.11 9.16 10.21
49.02 102.00 5.33
82.28 61.02 4.87
42.79 137.14 2.71
29.47 117.20 7.96
103.84 117.01 9.21
46.27 66.51 1.38
92.68 92.53 4.01
99.06 157.34 9.41
144.52 37.96 9.16
26.01 146.10 3.53
130.39 67.33 2.72
146.48 35.43 1.69
151.10 44.36 1.81
63.12 43.55 4.15
80.73 139.46 9.80
133.78 96.07 5.44
113.97 22.59 3.00
5.54 60.04 6.38
14.05 17.50 7.24
16.86 99.49 5.77
99.97 74.61 8.01
91.71 7.52 8.50
150.45 134.18 1.36
45.52 131.60 9.21
12.39 108.76 5.55
100.75 146.50 3.52
58.90 15.35 4.01
4.57 91.30 4.47
84.32 130.91 8.04
135.09 59.32 5.53
136.23 57.86 5.25
25.00 78.10 8.67
46.08 49.02 9.66
48.25 44.58 2.58
82.64 61.01 2.69
94.02 43.04 6.18
77.36 163.69 7.62
122.33 47.26 2.71
71.59 20.05 2.71
154.65 158.16 6.10
13.84 105.22 1.68
75.57 140.37 2.39
42.96 109.83 4.10
122.92 155.06 3.07
52.67 149.22 4.62
6.48 32.97 7.49
46.54 139.39 10.10
126.20 50.40 5.53
0.34 69.41 2.57
2.56 36.58 3.90
40.78 48.97 1.41
78.73 24.45 4.73
158.02 147.50 0.10
81.55 135.50 3.41
103.93 14.36 8.55
78.06 12.26 7.77
74.50 125.66 9.79
33.16 22.10 2.17
55.74 23.57 9.99
32.85 135.57 7.33
97.99 22.03 1.10
127.89 127.95 2.19
92.78 52.27 3.29
38.06 50.18 4.29
61.89 49.82 2.59
147.56 37.12 6.94
64.14 135.44 3.18
102.94 128.89 2.08
154.71 134.21 7.86
9.82 125.75 8.32
62.10 19.73 6.33
58.68 155.24 3.98
72.54 158.31 6.77
134.53 97.91 2.27
82.63 107.60 8.31
159.99 8.22 1.92
147.58 110.36 6.60
62.08 58.09 5.19
143.03 1.64 4.25
55
136.78 111.49 7.29
150.04 156.81 5.42
55.82 24.67 2.81
53.21 143.00 7.09
106.28 19.85 5.47
142.06 47.50 1.42
73.44 107.81 0.51
28.70 110.91 6.44
70.21 104.72 0.66
83.85 163.35 7.12
56.42 103.48 5.40
108.35 144.32 4.57
160.65 158.51 2.33
1.85 126.38 3.37
83.37 146.29 0.38
153.38 44.62 9.48
114.17 126.50 8.48
16.97 111.76 6.87
51.48 59.85 2.06
53.53 10.90 4.04
35.60 2.68 6.69
79.80 52.51 5.87
52.88 98.26 9.80
94.35 58.61 5.16
30.65 79.80 0.45
153.56 99.05 5.41
149.70 69.28 4.40
21.09 94.39 4.61
65.88 63.45 0.86
11.76 153.42 1.22
96.12 104.31 4.62
125.96 45.96 0.81
122.30 122.34 1.81
101.60 78.20 8.29
142.73 38.81 9.72
94.04 70.57 6.01
39.61 141.22 6.89
125.40 132.80 7.83
81.41 76.69 4.69
148.00 122.31 0.83
49.52 99.91 4.90
58.15 127.06 3.02
153.71 32.62 2.51
85.92 99.18 0.31
46.90 16.90 9.83
48.69 84.55 7.44
156.71 22.19 6.57
158.72 76.20 8.49
23.47 28.48 1.81
150.95 112.93 3.19
10.22 17.71 0.73
103.29 21.95 9.26
116.41 59.13 9.29
138.81 83.29 1.12
75.03 130.24 6.95
47
13.85 105.29 5.13
4.91 95.74 0.22
13.70 21.96 6.55
55.81 90.62 7.41
39.36 110.73 0.75
11.67 89.16 2.16
154.48 23.48 9.16
162.84 122.26 6.37
146.42 96.14 1.94
93.87 143.53 3.73
31.38 154.43 8.62
7.77 159.36 5.30
130.26 4.43 4.98
0.98 54.52 8.92
20.78 73.14 8.71
38.18 111.28 3.96
32.82 11.67 7.89
21.16 136.48 9.96
69.32 122.87 5.69
35.54 89.52 6.75
66.69 52.94 2.33
139.00 75.18 0.45
53.29 119.90 7.20
129.38 61.85 6.70
105.84 112.97 9.03
158.12 42.99 9.92
88.18 102.64 8.40
20.69 106.04 0.20
65.52 40.78 2.17
15.65 49.89 7.08
38.80 92.57 2.35
83.09 34.70 9.23
113.52 102.38 7.16
146.92 8.30 5.83
123.94 107.54 10.17
148.45 69.05 5.35
75.44 152.28 3.12
94.53 5.79 0.06
112.19 120.75 3.33
160.69 77.01 1.99
72.47 2.31 0.48
87.48 120.00 8.40
29.39 158.81 6.45
112.86 86.83 8.00
144.52 150.78 8.17
157.23 135.84 5.61
103.20 117.73 9.16
8
93.62 13.10 0.55
97.00 90.22 7.07
42.88 127.89 6.61
139.50 23.12 6.66
35.84 82.39 5.92
158.67 100.98 5.48
31.26 87.64 4.99
63.37 152.27 7.17
62
41.33 121.62 3.96
121.84 14.35 0.80
14.94 53.13 3.55
0.91 117.09 6.66
31.41 22.03 2.02
125.09 124.24 6.59
157.00 49.36 7.86
134.78 11.43 7.88
155.46 18.05 3.56
33.01 97.90 8.70
91.97 108.42 1.96
17.77 19.59 3.77
27.19 35.98 6.11
11.18 44.57 5.53
133.10 39.67 2.63
32.13 104.46 1.34
124.96 145.03 4.75
116.60 63.20 4.92
17.04 139.55 9.72
129.66 71.53 6.71
119.74 120.67 1.62
21.63 8.25 5.54
68.78 57.04 1.62
49.03 67.83 6.21
118.58 154.39 2.56
95.66 72.57 3.99
17.36 83.35 1.73
151.63 90.57 6.60
77.14 38.55 9.50
161.04 40.37 6.83
81.89 120.60 1.49
2.02 105.19 5.40
105.51 100.03 5.15
126.99 25.57 0.64
128.39 80.83 3.08
71.94 160.59 2.27
49.84 147.29 2.32
128.38 25.11 5.29
107.65 31.83 7.17
98.34 72.62 0.63
32.98 148.63 7.42
67.22 90.21 1.22
148.89 71.06 3.52
85.72 68.20 7.32
149.66 126.60 4.60
157.51 158.20 3.80
115.02 19.41 9.06
149.58 5.29 0.11
109.89 1.63 6.62
34.25 45.99 8.72
27.53 121.35 1.54
2.48 59.75 4.44
88.49 7.23 5.53
139.69 70.18 0.22
59.19 132.35 9.62
156.89 9.80 9.03
12.62 58.20 9.90
35.03 135.23 2.15
131.44 109.61 4.08
111.59 115.88 5.62
145.40 46.31 6.55
52.85 109.88 4.15
3
10.86 110.60 8.40
38.40 157.94 7.88
6.66 96.29 5.36
11
136.46 66.67 8.89
54.87 84.31 5.66
20.17 55.20 2.04
113.36 23.39 7.50
129.02 22.38 8.89
144.52 15.31 10.11
100.29 153.05 5.76
85.09 10.94 2.45
156.33 111.33 1.55
13.98 2.25 5.19
102.29 71.43 2.18
81
131.54 91.85 0.97
45.02 93.20 3.55
61.46 87.92 6.66
82.88 161.18 3.54
141.10 142.40 9.09
90.71 93.23 2.42
16.77 88.52 6.94
11.49 135.09 9.19
86.26 134.67 0.96
134.45 78.97 1.08
136.59 9.22 3.89
131.35 15.79 8.17
18.92 84.45 2.60
41.36 40.80 3.64
57.29 157.98 8.88
84.39 41.28 1.93
134.25 116.81 8.63
129.62 115.15 8.23
94.79 152.36 1.26
63.74 146.99 4.63
56.13 60.07 1.30
74.77 141.51 4.13
106.96 18.62 5.25
32.69 63.09 7.55
92.54 97.93 2.79
162.05 34.29 3.57
123.52 121.30 0.80
134.95 113.62 0.91
141.43 97.01 5.12
144.77 6.46 10.14
76.29 29.54 10.09
148.20 150.18 5.83
7.51 160.46 4.71
77.18 112.60 7.99
149.74 64.20 1.35
142.19 30.49 9.70
159.02 132.12 2.00
126.71 51.83 9.17
60.77 108.97 8.38
17.25 104.19 3.80
65.39 101.06 2.22
50.60 125.63 7.53
97.47 72.01 6.67
8.82 70.08 2.28
143.90 12.00 3.90
134.05 78.63 7.20
51.55 116.11 6.98
45.90 31.12 6.64
17.74 70.22 3.15
135.58 73.22 9.73
155.05 33.92 4.10
79.39 114.90 10.21
68.41 49.49 8.23
79.94 150.80 6.18
123.42 81.41 2.61
113.81 76.42 9.74
112.20 87.31 3.09
162.60 11.55 6.91
122.19 21.89 9.93
90.42 51.91 4.18
1.44 8.45 0.62
11.70 66.32 5.18
102.20 94.29 1.30
73.50 120.47 3.20
159.37 53.81 3.35
160.71 65.23 7.61
142.45 79.62 8.96
139.30 1.20 1.85
85.36 151.38 10.18
11.67 114.67 1.14
84.59 153.48 0.83
13.95 5.12 5.54
45.97 92.85 7.34
154.97 147.44 1.92
150.28 15.91 2.73
121.74 6.95 7.63
62.08 136.83 7.09
35.04 145.19 5.52
40.93 48.02 0.53
154.50 73.36 1.58
101.49 46.72 6.48
14
73.87 34.42 7.69
141.41 100.67 3.38
72.87 69.76 9.80
22.32 116.75 4.09
58.26 100.75 1.97
20.93 140.93 9.94
16.06 48.02 10.10
119.58 22.89 5.17
153.81 120.81 4.42
137.34 2.39 6.60
103.21 36.30 7.30
99.93 46.25 9.92
56.90 24.74 4.79
102.85 148.62 7.11
46
130.29 123.31 4.52
88.77 59.07 4.66
161.32 104.60 9.10
65.07 147.35 3.11
18.77 54.23 1.20
133.58 145.79 8.33
43.78 132.10 4.56
59.17 83.17 9.45
52.59 106.49 2.18
22.77 92.67 9.42
30.16 47.37 4.45
93.69 101.04 6.20
152.55 82.62 6.83
138.21 126.67 5.12
147.98 4.72 6.94
117.60 80.81 5.90
151.44 114.02 8.74
77.06 58.81 2.00
46.93 106.83 1.14
39.27 90.36 10.07
155.16 135.38 1.07
111.04 62.70 8.69
46.59 53.25 8.97
103.94 105.09 2.64
81.08 148.30 6.51
149.63 72.25 4.58
95.17 63.77 1.60
15.95 106.84 9.68
103.87 67.24 1.28
79.59 119.12 10.01
62.78 13.64 6.48
73.84 101.87 8.57
34.58 118.57 1.53
157.83 140.19 1.43
66.63 1.24 5.70
41.37 108.66 8.68
58.66 6.08 9.47
55.73 161.17 7.63
120.68 74.33 7.91
76.45 29.76 8.49
52.98 70.54 5.47
96.08 91.18 3.96
108.20 44.17 0.99
1.61 79.40 4.07
129.80 65.81 8.55
135.30 74.57 3.94
-1
