0346
9153
5137
2124
4428
5985
6972
4513
2000
6213
7417
9613
9755
5199
9662
9803
5360
3768
9759
5752
6137
9945
1664
4569
6899
1484
3178
4125
0065
0707
6083
0101
7614
2798
8072
9897
0422
5550
9231
3134
0778
1068
2603
0896
6673
8998
0685
8832
2752
9044
1776
9117
0316
2828
4571
5143
1310
6689
6520
7834
9065
3875
6459
0833
6986
2187
2049
3510
5206
7952
4066
1573
8502
5148
3188
7149
4287
2290
8118
7109
8340
1221
7231
2085
1853
7481
6611
7194
9730
9669
1841
1982
9180
6741
9585
8418
6283
4758
6837
7270
8145
7075
1762
4541
3541
7362
8891
4539
9516
9868
2017
4745
3042
8832
2759
1162
2557
6453
7793
7363
1990
0224
4272
8343
0748
2160
4923
8094
4578
3301
6399
4638
6392
4587
9466
5649
6769
1281
8030
3426
9530
0250
6947
1137
3511
3930
1825
0887
2975
2602
6269
0756
7619
1739
8665
1166
2096
0295
5022
9102
8265
2196
0939
0085
4448
9551
8108
4033
7990
4937
5803
0674
6503
3866
6817
2806
6577
8003
5016
6742
4390
3769
5111
4427
2370
6101
0887
5489
0497
4970
4757
2072
8330
3906
6552
7351
5200
7348
9366
9634
1502
8238
9101
0808
4085
1930
0913
4054
9277
9555
1805
8595
4704
5428
8345
2699
6562
2783
5685
0923
2260
3870
0916
3223
9897
9512
8731
5730
2863
0567
4570
4322
2984
2869
4313
2158
6356
0619
8687
8447
2940
2379
0660
2084
6102
4198
4404
4910
8986
7934
7980
6544
0169
5943
4039
6260
3012
0456
8567
9286
8101
4379
8614
8744
9349
7295
3158
5403
0991
9192
0838
1964
3642
0786
6090
2196
2541
4280
7205
6120
8406
7426
2257
5742
3613
9947
6267
5364
0176
1624
5348
5474
1786
3294
9340
6326
2824
8470
6008
2173
3033
6550
6970
6651
7436
1740
6800
1550
6750
7903
1687
9510
6111
8628
5397
6649
3744
7245
9500
3240
5257
7745
2012
8481
3522
4024
8408
0742
3790
3160
8391
0229
1503
1226
1814
3233
2289
8502
4846
0676
3112
3156
3437
6986
1494
1522
8565
7467
9881
0812
7894
7081
3315
2196
8747
3574
3167
7900
8251
3318
2301
3138
0013
7240
7969
8425
9946
0318
7622
9519
7915
8569
4949
6446
2938
9007
9483
7951
4063
1016
7551
6063
6927
7921
2836
7715
4282
6037
1390
0827
4759
6686
2753
8506
7332
0211
8843
3298
9945
8839
1538
0598
8437
3379
5268
1162
0691
8768
4123
3545
4430
8909
7056
9776
3562
4909
9593
9250
3597
2665
7969
6099
1927
5275
6663
7779
9171
8104
3040
9497
2582
5208
3967
5629
4555
8895
2015
1715
2605
0761
7431
8369
8726
7965
5541
6488
2590
0429
6871
2238
5975
2312
4147
7676
1504
4546
0949
5211
6131
5029
3065
3435
9460
0137
1137
4821
0951
1943
9884
7738
8883
8303
6367
6013
5463
9821
6081
7056
9241
9564
8567
9108
4764
7192
4592
8330
6512
0414
1659
3930
0785
1063
9664
0048
5627
7194
7760
4845
8292
5222
8509
8380
1487
9078
0998
6350
5345
0113
5436
5439
9522
5976
8974
2878
6068
7090
2081
3050
8731
8662
7779
5538
6817
3969
5515
9399
5382
6061
3457
0773
1904
7470
1764
7503
7009
6163
2306
4874
4716
7336
0211
3784
7461
4406
6766
2008
1456
4999
6876
0738
6040
3994
0953
0701
9635
7809
6942
0485
9652
0451
8776
8218
6286
5759
6435
5939
0371
1306
9327
6476
0081
3879
2704
9455
2203
6881
7707
8275
7123
0412
2837
2566
4159
6451
9935
9767
1673
8751
6233
3754
6077
6656
1281
8026
2411
9073
9550
1399
2063
0697
5812
7748
9502
5338
2029
1634
1344
7394
4928
2605
3373
8450
9854
2706
2797
3038
2958
3106
9495
9913
5029
1821
4900
5001
5425
0478
4647
6476
4660
1438
1014
2731
4511
7148
3150
0049
4934
7197
7041
2077
6104
8919
6592
9943
0004
1868
3443
3825
4202
0049
1727
2132
9693
6041
2825
9379
7938
4336
8072
3510
5676
0048
6852
5930
4534
0808
0
