128
-4802.7412927489513329038429
-24.43660004129
0
-1.54746145
-1.7681140162574831
0
-39182.58822297
-55.22791396110384
0
-59703.02315482824
30313.99540818918210747129
0
3.2219
-4492.220130361007
3008.13041318759197
0
-1.547670198196448873
66.1704997444101337
-70.871704523136
0
48730.9653891102184
-23276.2
-67.722940590603625676770099
6545.58742993974368027
-89.67838602252107110214
0
-913.98304189953
-1212.35386
-63478.6
4.561435725256701284
0
89.5141525096424159625549751
-6242.50513012864291171
29580.8362787038336
0
-31509.093215915751140165194
-6017.59
0
-556.1731452075
-950.5265632934
-33786.823250825522779
-8801.06854
1095.567304027704365159
0
-120.581798256750781
-160.33082655052
0
54551.161978138951352
-1.3545
10971.2523405
129.066651107563103395542
10.1
0
6.213845812554583
25527.32967617848
-69.0466155521799982407
0
85.353045281892
-8.3264106
12.659925060463354037785
2.516927
-8269.184721
0
1994.4472108330131878088682553
-26.6
0
914.7448978772
983.212067681191
-6.79
-66255.033177299888909
0
-683.62216063567096015901
-63547.64026265248927224
0
-4658.332089
-71.59899
-4299.1
9879.1
0
30.75300481761744662183
-196.438665115366
22819.662424065221727380756
-1773.5042667
0
-13.96
-5.1031
4.894144782
30973.0953917169
4399.65447
-575.2482657594852602231
0
-43438.524
-450.90958586508040137788
-5.39480981107151
0
438.56526
10724.74566665734
-31706.5892946266602
-93.940486111281141083667
0
651.14417
59.1312728046322162
-9.56899077206559744550304
-78.62
730.2074250069427930008335
-53418.45
0
-20.541978929127473096929
7.49597744943755889826152
0
83898.877744130435119
-1.244286649469437
-93326.8393612537175732980845783
-2.84
-1961.618895729
-4746.79938215
0
9.95305313242162252
-2682.860574382609122485749907
-51931.538492210432858627317
0
58.11156430454768089885056
-60711.1222
0
77643.67351
-43.3114
0
8.79978995659123
-52.17868191148327297392146
38190.460161005
57.2864
-71441.6256414521641918
0
18.008941505220083438707
-2.1935015196712766186931
1686.3292743996063100961949
-6402.59698063574182414638
25192.7042123930403
-68.90522646
0
590.043379
-8720.47137870429561522521
5.55342749
2.526065728261989968
-7776.4631107569146528156
0
-513.7025961284279162528
81649.5820653141489
54259.6480959
0
95.38089693
19914.45
0
-9.84609906486494546
92.926048375
0
-17391.37741311149969142
22.5919484328297
-7.693
0
-1.674221
-7603.22363823
0
-29.27845588868287082426154
-5.7879347705505387351
0
-393.3487466
84.5
9.488315554122058
0
62.192150374314379
-2397.5521371594632
-3254.601615360335056347055
0
-13280.670931677601
93.48321135297
85.838297159289294879012362
0
-68.841863884
-360.34057378
-58.01681
17434.84344906499320897803
89.40603189645763
0
-74.7915943020980685986727
3.87781485177
-59.39515619
-3511.4982252982051522
-6832.2977137
0
-44884.1
-2.4522991
448.9538020374350158
-2.97903952890773777926655
0
-36.047058345737924426
-2902.88152086781736
-3256.7710165
866.8864
25.160499
0
41677.7971239047805609
972.122583155
-9.84588361843822861295
-17810.50636127408453497472
0
88.1162134791118738201819304
20.4549
5.75788752
0
-880.1802968913
7.220008893253969
0
-98.84707353186386586727
601.64064903908439515372269
-89.35011278
-10.9759476760120915
-42.045028031040754413325
793.1064131176
0
-4.2228932279913
2.11
9710.033597816770145
5.93704770841054321
-6943.004362
0
-1.525709806465
-121.573736494119
-36366.6434
0
-2.923655
88810.7234892677
0
23.2775526482670090224036802
2137.00255013382587
1.297027
8.989
87781.285761
-3.266580567
0
151.540452439306152
-92.10053729590132716
64.2815646989
-55723.6441732366932215974
0
-59.20414990517836
9.44124045
-93.2503993054939201508932332
0
-26.5
955.401363886312
48679.7463311636399547025676328
-4329.8121259713620090558231665
0
26450.797
541.2602370614493790539
69757.8
8.111504333
0
8537.34731808774266
-2915.3376650116
38.8
-7358.609539602170732041
-3054.7872558756064306023548
94639.029743
0
74857.0198
56.39977487679
0
-9692.641671866602994888
-4570.9665699
-337.818
7048.82659159017598626
0
58724.324912378493317
2502.36970775
0
-7.615517
-23051.22168
-16239.206688449406189251
0
9.42258408913
7.5456296117
1.1145414012948763619491361
0
-196.9545886128
65.134557811452913700188
11.86409
507.9
4391.9849226
4705.32029062807108697
0
-7.775513
-9521.649020851
0
-623.44031648171145430434417
57.1228841028035372915178713
-20055.453965167721462715513
0
6519.26479363
16572.756
-282.19160316782
599.27492467866579687
-1.3
0
80.8
-37.8515523192280530018592
72.9766630302621969114445298
-8367.041
0
-36847.9092436818
-53861.57795757737334
4597.6886922703577
0
4.751205
-7.002803725995465736
647.8564791905825
0
13020.87054649323
-99.5273770136968468188
0
-32.323841
-5690.9489273074033
-88.4915370211823862982
0
1.2365
-14867.68279293277175
7.901
-1.54642303792004
0
141.33545495011675127401
3472.03928497
-36484.31
7.7009886526010856
0
-121.2647417
-4.09386656956578438
5627.035
-398.874640626393
0
-8578.7602481336
-78.45663957808555251
7.6779982
80615.7825922674116992
0
17972.12403997
-3994.7
0
5.396284294426120028
-40.88627
66864.58593756276434528506
-598.5781130825601876
0
-74.8840395290284516463064
-7633.49323653194
87461.091851325286
-81.93614056353916129992238
-69200.2565082617100912821055
84506.74259231050370213
0
7012.818511
370.25
-7.741
-3412.44647499817706721
0
-471.7520964520906097383
-3412.771600122387818
8.2340991
8.111473415946645
5.94856744067698943
0
-7.555143868729281
1264.05007097262988
-45647.6251323986586408126422
6174.563024360448
0
74791.13741
-890.8408
40.299854
-75682.32685873
73.566507782444901604
89.06760745423020723379391
0
41112.90829578
833.486101013
517.4
0
171.83817052551856
-88.3726
0
616.2
-29781.254319496701644
795.5556085089233762161
0
6615.10467235211410973638816
2316.1287079424
257.894192590445053171878839
602.083412863031
3613.4139
0
-11.773729167799297531176804
543.43093484071966047
-51552.910273
-7417.014331937192
-9994.12787
-458.27071500873011409
0
-70.5579242
2.85985879002409012773
-4.66067415905502602874999
4489.047036761866394
50.81055922523792925
-16.9059293493599203775
0
-30520.93
18253.8573
71.5601
9901.01199157513380848631322
0
-5.077286
-6963.5
66.0813234
0
4.90630666
9.22867047853018537828
9691.6816
-325.42525635389
-98.42733336874
0
8064.749298630046
51129.27
-1.82368028418048019697534
-790.8202581701143
-53333.2863806929941229
0
88971.051
-5.971900021962382087835704
0
-225.70780982090257
-662.954856
0
-3857.65869880151800484346
-66.3871360158236261364522
37012.65
0
-3787.612438
-6408.68737961503989159835
1.0514134733302925
-360.760384
0
-57950.3437951973
7302.6
404.6
6388.73778888033089
3802.2
0
5891.8745656656908981989981054
69018.68634282381274353566
8.2231443
0
8.179
-86.168
361.07
2178.4282311989605061971554727
-4090.4752
0
-87.15981
9.344760254457822859
58388.1851606202228975679074
0
81.59
-98196.4916417363054
0
5.8354853421538139872
7.23826610747
0
4.6980705802075
6990.500467737
8.3045735152543482389504378
-12484.85
273.1385100115150099285425
0
616.36986418420155151
3185.21667041
37.3117142987715418468
-153.8
46.5802144222052
0
72.8034585871
-4.456021363079762
-734.929796259997621957278
0
41026.638530375377259346061
59.811389884180965835
8025.50258360790698319323
0
-2.492611
-91.65336325256308
7776.6129852145899351
6.9942944914775986729
-29.3030323537754345729
0
-6884.6875170112686653
-7.8144
882.36003303738
7893.663407799182
-44806.479222860999525728
0
-30.9895912303726708607341
1048.15
60915.96
0
-9394.057
-9.970009917646795468872199
-148.3555574501347364724719924
4265.830324033
37.00957346539442827667
834.230321328174749903196072
0
-98583.52588
12634.77
400.13164769894063
-766.49013915717863
0
7.818083886642044376443
-358.85801
614.092442887743491819517012
-7501.7042482462196024319
-60018.7908604063511722345982
-6.005202103937098
0
569.938910313639853176226421
33.064563668904
765.7589142
83.3709262950075589467116
0
896.13115233448755401
9.831185744679984
788.7541719451
0
-92.458048
192.4734
-8.0466807558905729544003478
662.9315334094919650425642
0
65.810961694095408564625
9121.368398351
0
93652.4480645742083574867
90.6569313753
-93293.22098
-2215.27208544315454
-85.945934988313587882223
2331.05719224818
0
-25804.14807828177
-9437.821305829421055865
-107.42818207618
0
36528.27982618814
440.63895607917
22.3971050344802220501
903.88642
-3.17430981125429
0
-9778.576049
9.1973072
53.56603203250976690239
0
-735.0523209243296095983984
-692.53
-903.1
0
-47.329027317058919464335752
-657.0801040557607736392743
-67693.51373
0
-41.7087360417816
80145.27543889
791.384791807720829
260.35904053068806746936
3568.165122226391360388044185
-78.0118630875604052287
0
2.9573123142
43.797
0
-9.3435441849770003674898
-5976.47202778
0
5.924058
-80481.978835069939
648.6983995087788676
0
56.8220205883787902109896
595.24
3467.95854821
0
