666
37.29 -161.76 83.47 -53.74
-80.73 -156.62 72.20 105.56
47.12 -170.93 -29.95 -99.72
69.20 31.21 22.93 141.02
76.43 90.46 16.13 146.65
87.46 161.33 -35.33 140.75
8.05 -149.48 -3.72 -132.70
-88.15 131.44 21.12 84.30
-83.27 22.69 54.33 -8.26
-15.84 43.61 -82.55 -1.57
63.63 46.55 26.84 88.20
84.99 -110.88 18.82 23.76
-39.44 -37.38 -57.58 37.45
-47.59 -147.39 13.24 145.38
81.68 -136.05 -8.78 -142.13
-13.84 -48.67 63.82 -20.91
45.49 2.21 -78.46 -100.04
4.63 23.17 0.54 -117.09
-56.83 -166.02 66.09 -73.11
53.08 84.28 -35.14 -0.24
62.80 -161.97 -77.50 83.45
-53.22 157.79 11.87 88.89
76.13 -54.90 -11.20 171.21
-33.45 -120.43 21.68 -66.41
77.53 62.40 -29.72 116.32
-23.10 -42.40 -21.50 104.31
45.81 67.91 -70.16 37.32
50.07 118.23 -21.18 2.14
71.41 -153.96 88.82 146.83
-36.17 -69.10 -55.51 -106.88
30.35 -0.25 -80.87 -54.01
67.26 29.85 8.21 -172.67
-85.60 -121.18 -29.54 155.37
41.74 -110.50 11.91 -95.52
-21.22 -128.09 48.63 -21.15
-50.11 35.02 -72.38 -165.75
-36.77 11.49 -5.55 -100.34
49.66 -3.59 69.76 -61.26
-78.62 -159.71 6.62 -127.05
84.60 175.72 84.15 -108.27
-17.98 -8.75 -64.36 -160.26
78.61 159.90 54.07 -54.31
-67.40 35.63 48.66 -9.16
-67.05 174.41 -1.33 131.75
-83.10 134.90 -9.37 -34.94
85.47 61.16 71.21 94.00
-36.99 19.29 -45.27 -49.66
21.38 47.98 30.64 118.25
-78.93 129.35 64.10 -2.68
2.47 -128.17 -31.86 30.52
-55.98 162.39 -19.07 11.50
51.47 -122.45 -53.07 138.66
53.12 32.51 50.28 -41.40
-83.45 72.58 67.50 -82.31
19.45 2.48 9.00 -54.88
82.20 118.28 -84.77 -119.57
-22.51 69.75 56.51 21.76
45.33 41.34 -38.63 176.59
35.53 -20.36 -4.01 -36.04
-78.27 -29.84 56.71 111.94
70.51 -37.47 -46.46 147.75
79.67 125.03 24.75 171.66
-65.68 168.89 -72.51 22.18
-86.06 -35.88 -62.22 111.60
37.47 136.91 74.15 -46.85
-9.82 60.76 -0.91 -15.55
-29.14 -14.92 41.53 138.38
83.04 167.64 -81.64 -137.63
-87.23 67.77 76.72 131.83
56.38 -128.16 -3.16 -1.64
86.22 115.66 44.08 -87.25
25.05 -45.22 83.29 -159.58
-62.13 28.16 -86.78 -117.77
46.91 75.06 41.95 -88.70
12.90 149.24 -73.28 -11.22
73.06 -126.86 -85.71 101.14
15.32 63.58 -26.34 -71.12
-47.40 -95.64 -79.49 138.21
86.85 152.77 12.85 -6.73
3.15 -124.60 81.34 -152.70
59.65 65.60 -74.66 6.12
-14.50 -80.23 14.27 -124.18
74.77 -163.84 -75.39 -113.55
49.92 38.23 -39.04 43.58
-36.66 -167.18 -9.89 -130.76
8.09 -141.04 82.48 -74.02
4.82 68.69 -46.47 -68.99
-67.24 24.12 -29.06 -39.17
-16.80 114.31 0.00 151.47
-6.58 -128.01 -34.01 -2.09
81.90 50.19 -23.34 7.69
68.29 -141.40 62.07 92.33
52.57 -144.04 0.36 106.65
-36.06 122.48 11.10 115.22
-23.75 150.52 -20.27 117.97
-50.71 -142.09 -12.83 -149.29
-4.45 -61.91 -79.88 35.52
64.48 111.11 -49.08 179.01
55.67 178.37 -30.38 4.84
82.09 -8.09 42.12 -103.64
58.25 -65.15 -67.72 23.01
48.99 31.44 -67.23 54.15
-46.65 -89.40 25.44 164.54
74.81 -110.90 3.34 150.75
-60.30 119.49 -75.41 121.67
37.44 15.10 36.44 -62.11
43.10 15.95 23.64 101.23
-23.22 121.76 59.15 48.47
77.81 -29.84 -59.06 32.92
-80.06 11.04 50.97 117.06
-88.52 -3.54 83.48 -79.79
-1.68 21.47 10.51 -34.22
-84.75 -162.72 -59.57 -3.68
-77.70 25.39 36.83 -27.65
-73.33 60.83 -82.80 143.56
-70.31 64.29 -13.59 -9.75
20.45 -169.40 -17.83 98.23
33.19 -4.13 10.27 129.76
-52.62 -130.12 -58.06 -7.38
26.25 -46.56 31.44 69.81
-49.17 -104.07 37.98 -177.99
7.30 19.95 36.56 -141.79
51.46 -167.32 5.03 -52.23
65.86 63.27 54.28 9.87
-63.68 -111.64 -67.10 -138.08
74.67 103.20 -42.40 147.33
-44.19 106.82 1.36 -90.12
-35.08 -28.52 25.86 -26.00
-75.30 -102.18 -34.65 -168.44
55.77 49.45 16.19 -166.02
-66.21 151.91 7.31 158.73
28.57 0.86 -49.32 47.98
-80.18 -87.65 -41.91 77.62
35.33 -94.04 -15.86 -111.47
17.19 10.48 -59.55 -156.89
45.44 178.26 -69.06 168.34
-52.40 119.95 -14.06 -87.58
-53.65 -21.40 -34.16 27.00
47.47 -171.91 -45.93 -88.52
-48.48 75.09 -16.54 36.69
-68.19 106.80 31.63 71.51
-9.45 -53.18 77.33 -64.98
38.33 -102.31 -4.50 108.20
-39.26 171.43 -71.00 148.17
86.41 151.11 -37.77 30.50
37.36 -27.54 42.50 -26.14
2.82 -101.61 -40.78 23.51
33.44 -150.75 -47.85 133.18
-13.95 108.51 46.19 -56.40
38.38 156.15 32.87 -175.58
35.02 -147.96 74.41 -106.12
-86.60 90.16 42.90 110.10
-39.28 -55.27 -22.44 116.33
-75.33 -64.25 71.99 -45.88
-27.93 -80.16 -7.60 22.02
23.96 -19.69 7.48 -88.16
20.36 -174.26 88.44 -149.87
-12.50 168.36 -64.39 -0.89
44.88 -162.42 -37.80 55.38
81.28 -121.05 82.28 -63.94
-69.27 -77.82 41.26 -96.75
-0.45 21.94 -80.42 -149.66
-45.67 -25.32 53.97 -51.79
2.34 149.21 -67.58 80.59
75.37 135.79 70.36 -150.46
-26.02 141.91 9.76 130.60
-63.98 52.81 89.65 -39.30
41.25 -3.57 52.25 6.28
-69.28 -63.45 -66.85 -4.52
66.32 -4.70 14.57 90.93
-39.33 27.34 56.25 4.37
-35.37 -162.78 -50.82 134.14
-36.68 24.35 -75.21 -127.17
4.62 123.32 -19.65 112.41
5.49 -107.52 -69.52 16.06
-77.81 55.25 -3.86 -90.04
-25.64 30.46 55.38 132.73
49.98 -75.19 50.07 111.33
56.07 -68.86 29.73 -64.33
43.24 126.98 -45.25 -49.64
47.82 87.55 73.51 -92.23
14.28 -141.43 -55.90 -11.76
-0.78 79.47 7.73 -163.52
78.22 0.36 45.91 14.84
84.40 -163.71 88.19 125.78
69.58 -173.04 3.68 78.85
1.50 15.43 40.18 -93.94
76.31 -41.21 -30.84 135.91
-41.90 -119.89 -60.39 -92.26
68.14 147.84 2.43 -35.88
63.25 -129.76 37.44 135.65
55.32 92.22 5.86 -84.24
-18.40 132.97 -44.44 92.09
52.34 100.58 28.23 128.10
-66.36 7.33 -18.50 -50.13
4.39 -163.98 82.30 154.60
-19.02 56.52 -72.94 35.13
55.74 19.42 19.82 -29.41
-9.60 57.22 75.85 -5.40
-39.20 -21.67 36.06 -99.00
-24.81 21.18 -36.13 -175.53
-11.53 26.70 -64.21 -152.92
72.26 -1.04 21.69 -158.29
57.08 -79.28 47.17 6.48
20.25 -105.32 45.40 -122.52
-76.01 166.72 21.04 -34.59
-82.82 152.61 65.20 103.89
-55.39 -59.39 -23.01 63.08
-32.30 126.50 4.19 -156.74
82.75 -28.96 69.14 -158.65
18.94 -67.31 -67.52 22.46
-63.54 -119.76 3.83 130.68
-74.15 -117.38 -73.95 -91.68
-40.97 -39.88 -35.69 122.98
-51.10 -98.10 67.02 -34.48
80.78 97.34 30.23 86.46
-87.97 -118.83 61.23 96.21
42.79 -69.17 -67.30 -123.96
60.43 -32.86 85.15 121.99
-62.45 -88.10 -77.32 91.98
41.54 -146.86 -75.02 -60.97
17.59 104.70 -22.60 21.18
12.97 -25.22 74.29 -43.49
59.55 -74.83 75.18 20.22
-61.89 -160.22 77.53 87.33
2.49 -98.35 -66.51 -28.74
56.24 -108.56 -2.30 162.20
-18.58 93.04 42.92 -153.99
-66.85 -140.45 68.53 -79.14
38.96 26.14 70.03 -61.86
-7.37 104.24 -80.49 137.84
-28.73 142.92 -12.16 44.23
-78.32 36.59 81.88 -94.31
3.78 -112.58 -72.77 100.96
65.77 117.56 -82.92 27.27
-66.38 -13.91 -60.33 10.79
71.38 126.85 -62.31 16.39
-44.30 -142.03 -13.02 8.33
-63.37 139.13 -41.77 -3.66
-52.49 98.56 86.48 36.01
52.43 -44.39 34.36 156.76
62.74 133.30 -73.08 25.78
55.63 -113.69 -44.78 80.83
80.92 52.89 -59.38 -80.68
-33.91 -164.79 -45.42 -136.30
-2.37 88.56 75.62 18.76
-32.25 32.12 68.71 -68.12
-24.82 70.84 24.58 64.49
87.68 -75.91 29.22 -172.81
36.68 -32.19 65.87 153.37
-12.71 -100.54 -4.84 150.80
-70.48 114.44 61.43 -174.46
30.08 170.02 82.18 14.27
-40.45 150.69 87.36 86.30
-46.33 167.42 78.85 95.52
53.09 -101.35 -36.71 -141.40
-11.53 116.02 -5.60 -71.52
11.98 -67.91 -57.20 6.98
-55.51 30.56 -80.93 71.95
-1.79 65.92 45.51 25.55
-86.99 127.76 3.01 -20.42
42.79 -127.67 70.30 70.72
1.64 172.76 -58.91 70.44
55.54 -43.84 -29.75 -51.68
-3.57 -100.13 68.57 45.64
33.59 158.45 7.34 -3.16
68.61 149.72 -52.56 10.24
81.16 -0.01 -14.70 6.66
68.10 -34.85 29.44 63.52
-71.77 41.29 47.36 -48.12
-60.59 -30.33 -82.93 39.20
0.79 -2.44 83.89 -117.29
-65.60 -3.63 -82.78 170.53
30.08 173.23 -62.38 -67.18
-25.68 14.22 -70.76 5.51
10.23 149.87 -81.36 -94.46
5.97 -169.43 -32.98 124.29
16.13 39.15 -34.73 124.27
-50.55 -34.77 27.51 147.43
-53.11 -15.49 -12.07 14.80
52.72 84.25 -24.76 -40.16
-11.75 -164.88 -5.33 -29.15
0.73 -126.78 -25.77 -120.32
-16.80 14.23 -50.94 -175.66
-61.01 79.70 86.26 105.71
-64.31 -1.53 74.26 45.85
-9.43 -155.45 -10.98 50.11
60.98 -77.77 83.46 13.24
-82.13 -93.58 63.20 -156.35
-22.02 -127.43 63.97 142.77
-28.54 -134.85 61.30 -48.69
78.61 -167.98 -62.93 -37.14
-48.98 115.44 -19.69 9.49
-1.04 -46.41 -59.83 -19.86
69.18 18.46 30.15 -120.93
64.35 51.65 -70.37 -163.75
38.28 94.92 30.34 63.07
-26.32 144.38 24.57 -128.38
-62.15 -53.26 0.63 13.75
88.48 63.84 24.05 77.97
48.78 156.59 -25.30 -129.91
65.98 9.09 55.84 -113.21
57.16 95.54 34.82 -38.30
58.47 -157.34 -37.55 -23.21
-7.20 57.86 17.26 111.74
-32.41 -93.89 74.38 28.94
-16.21 114.12 -72.86 -119.34
4.58 65.41 82.08 74.65
-24.54 -119.55 11.75 34.40
13.49 -18.02 -30.38 -96.77
-4.76 105.26 9.55 -177.19
-78.56 -161.13 -55.39 -44.86
77.47 1.14 -59.58 -178.27
32.63 -139.78 -71.23 144.58
-10.59 -155.44 -40.62 70.21
18.32 3.76 0.05 -41.36
-50.78 99.84 -5.76 -97.03
-38.98 179.27 -9.72 -33.58
-75.05 -106.88 48.84 42.61
-70.91 113.64 -5.03 39.50
-0.25 86.51 29.84 32.94
65.25 33.52 -34.77 73.74
5.76 34.15 -74.92 129.50
86.77 -55.54 -62.81 -34.62
-36.15 -149.47 -62.11 -35.95
-46.09 -63.59 23.80 140.70
44.45 -15.10 9.04 -17.33
-49.32 -2.43 -69.02 -140.35
-22.41 119.21 -61.64 40.16
35.24 150.08 -66.38 9.89
54.74 29.10 -34.61 88.59
-68.47 115.71 33.08 -76.33
-75.85 34.86 3.99 -79.34
-39.65 -133.19 -58.28 53.94
24.78 -93.31 61.91 77.86
-71.70 -12.75 -64.61 -131.79
27.37 170.83 -56.27 159.55
52.74 82.31 -34.59 91.78
-58.64 26.17 24.33 -85.30
41.64 -45.36 61.00 165.87
-57.94 -20.63 -14.94 9.63
-77.10 60.04 27.38 -133.81
-68.66 -124.31 38.47 156.08
-77.27 168.13 89.50 166.91
-64.68 164.15 62.88 8.13
-21.22 -94.01 -13.76 -149.76
-28.03 -169.63 -11.87 136.08
-82.56 -94.53 8.14 14.71
-36.30 -23.75 0.18 -146.08
-72.39 -14.37 -44.50 101.87
80.97 -56.71 46.84 -97.79
-84.80 -95.11 -64.34 -114.79
56.33 -158.70 40.09 -171.05
-65.10 25.67 73.56 -116.33
68.49 40.81 52.69 59.03
-62.64 169.88 49.65 145.33
21.61 166.04 23.66 -131.94
-0.02 -122.08 -12.94 160.30
78.51 -94.68 66.96 123.80
-4.42 178.27 3.18 134.74
-7.64 59.09 51.42 -166.59
28.73 102.61 -54.50 105.47
-26.23 100.28 36.06 26.97
-82.46 102.45 31.81 107.20
-72.90 61.60 74.57 -5.18
-23.37 -124.13 -5.05 163.06
-70.87 -81.36 28.92 130.38
-10.50 -26.87 17.96 -117.28
67.28 -174.57 -66.89 34.73
-5.09 48.18 88.77 -162.41
62.46 -40.26 17.67 70.84
-16.63 -132.11 20.09 105.03
-65.94 -9.56 11.99 125.67
64.86 -50.07 78.03 35.87
53.88 -55.08 -24.86 101.90
-53.55 127.60 59.85 -171.77
-59.84 -45.70 60.88 81.13
58.88 141.97 54.98 85.57
16.26 179.41 -61.19 53.12
7.61 -2.80 -27.12 54.33
86.30 -113.95 -49.59 52.15
0.80 -114.52 8.98 152.80
-0.66 95.05 12.82 -5.32
-48.68 -57.99 -19.75 -130.46
84.39 -10.42 50.11 -139.92
64.25 124.67 -76.08 130.70
26.68 156.38 -3.58 -85.97
-79.12 -106.13 -70.91 -150.13
5.13 56.46 8.04 -116.99
-27.68 -63.08 24.64 142.25
-42.15 32.23 34.01 -75.26
-46.34 -171.62 -46.62 -12.87
15.13 -16.20 -18.35 -122.57
10.23 131.94 42.08 -55.21
-11.05 104.37 -65.91 110.74
26.29 0.72 79.59 36.14
54.78 -99.62 23.08 -4.46
-54.55 -21.09 -43.21 152.58
-37.59 178.80 -36.62 -8.65
24.65 -97.43 -66.23 -108.65
-17.06 159.13 13.99 62.82
-56.08 114.87 -17.79 118.28
43.90 -30.43 -10.94 -73.35
79.40 135.18 88.83 51.44
-73.25 -45.70 -9.66 101.11
64.05 -136.25 20.65 80.70
-74.36 -29.40 72.45 106.01
-75.31 -91.86 -40.35 4.10
80.70 50.88 84.11 -123.70
-15.01 59.95 -79.40 -128.30
-17.46 -97.76 -64.25 -132.56
3.10 36.21 -6.63 170.33
40.41 158.15 -41.84 -93.61
-62.73 -37.19 -67.02 -121.64
74.00 173.29 -80.06 -163.77
52.19 -173.00 14.64 -171.40
-53.52 26.54 74.87 -160.71
62.45 95.59 29.11 -132.05
-23.34 -177.54 87.00 125.99
-71.09 -100.30 -74.32 -25.14
-31.43 73.33 81.14 2.91
19.94 19.06 49.90 -31.12
-49.65 119.80 -7.30 -149.51
-45.81 84.88 71.92 -63.02
67.13 50.10 3.73 -174.11
83.15 167.68 56.28 -48.51
40.15 75.76 5.46 -114.96
-78.45 -118.73 -75.30 1.47
-36.81 -148.18 -35.13 -14.34
68.71 119.99 -20.90 73.30
71.01 144.60 -48.48 -93.23
-74.39 70.77 -44.15 119.65
-75.19 -64.18 56.73 -90.43
81.19 -2.18 77.46 27.80
-11.86 -166.86 83.41 -104.29
43.15 -85.75 -70.73 -105.14
73.79 174.07 40.86 138.79
28.89 96.14 -32.76 -36.58
-18.62 92.38 -8.48 -120.73
85.49 -102.58 31.29 5.17
-2.43 141.18 -25.81 -80.21
63.17 -48.89 29.65 -20.27
77.40 -65.61 -84.61 119.68
39.41 -71.26 62.10 -153.50
27.45 -59.73 46.42 -10.66
-39.01 -110.82 23.22 -130.12
-1.49 61.62 -51.68 -104.40
-64.16 71.24 -17.13 -102.32
68.45 -118.25 84.42 24.06
62.25 -60.75 24.72 170.43
16.11 -66.01 -15.98 6.05
-88.50 -82.94 22.27 129.54
-17.08 -170.50 -75.96 -39.16
-27.36 50.92 10.63 -148.41
-54.01 -142.98 -46.43 115.36
29.85 154.36 -51.39 77.02
-50.91 -93.79 34.03 -51.75
18.85 105.84 46.88 77.14
85.57 102.21 77.46 -17.12
52.12 -122.51 -48.52 -10.67
33.02 128.27 17.29 -70.07
84.72 89.90 -79.08 137.47
57.84 126.81 70.89 -55.18
37.82 -139.17 12.96 108.20
73.89 18.56 10.40 -94.68
-64.06 -122.51 21.82 153.80
80.71 -99.62 -21.37 53.42
-57.05 -170.16 -35.54 127.33
-86.94 95.46 74.18 -32.86
66.90 77.44 -11.75 172.96
32.92 -59.72 -83.56 160.79
1.33 109.52 82.99 -42.66
40.12 163.78 -75.16 145.50
-45.56 -48.36 -30.41 59.57
4.96 26.89 88.11 -26.66
85.47 17.17 82.20 -100.65
-6.57 53.98 -44.92 -49.68
-2.24 45.01 13.31 -4.17
-27.39 145.36 16.07 -82.76
-6.39 -35.82 -46.03 -97.86
-2.67 114.23 -1.24 147.02
-8.95 103.29 38.89 58.57
-42.71 -158.77 -49.28 -117.45
-64.11 -167.46 34.25 -156.15
43.98 17.79 20.54 142.38
4.15 83.16 50.87 145.96
9.48 129.54 -2.05 -170.13
-0.82 23.29 87.45 175.29
-43.22 -32.65 -66.29 81.85
-19.50 -75.89 5.28 79.27
25.00 41.37 -76.86 -97.01
82.13 15.17 -30.82 -150.89
-51.93 -11.94 79.65 179.96
47.10 67.47 70.68 113.66
17.86 97.75 55.23 150.61
-75.42 178.11 20.58 128.61
-82.52 -121.56 85.93 -149.46
56.75 -153.94 0.96 -151.08
-66.45 101.10 21.86 -145.51
-44.97 6.24 -53.37 -18.14
8.38 121.73 42.81 71.92
-18.95 -58.18 -66.11 65.93
11.18 -17.15 -60.72 -43.47
-63.21 -56.66 -37.47 52.78
-27.47 -113.65 37.85 -81.77
-23.83 102.07 62.56 -93.84
1.50 144.93 52.18 -56.78
85.23 -79.03 9.06 -4.61
-39.54 133.19 -9.36 -26.10
-16.30 47.51 -75.30 -99.89
-59.04 -109.40 0.97 21.28
-38.79 -27.01 51.75 116.51
-16.42 -96.21 -71.22 -42.15
-63.61 160.44 47.69 -56.25
-57.62 94.01 9.89 67.26
35.75 -58.86 -33.08 42.33
61.21 -149.14 46.23 135.98
49.08 -142.19 -40.60 -152.95
31.70 -164.96 -20.21 -104.40
16.17 107.93 -51.42 -138.78
83.05 -9.04 -75.45 -80.56
54.76 -15.97 -78.33 160.83
65.93 178.08 42.25 -163.48
74.76 15.34 86.10 -105.20
36.75 -174.69 78.93 79.30
-27.85 -24.67 68.43 72.68
-24.55 -143.65 -24.06 -59.33
7.62 -146.27 57.07 -98.29
16.96 110.55 30.97 -106.79
-24.78 -17.61 -77.98 66.40
82.12 179.33 3.86 -126.54
6.56 -115.13 -72.84 87.68
-0.61 -161.69 87.97 -100.11
-63.36 -89.59 -34.38 13.22
65.15 12.03 2.23 -116.01
87.56 -7.07 79.33 -159.77
-80.12 70.27 -24.53 6.70
49.12 -88.26 82.38 78.58
22.97 -125.28 9.90 -14.51
36.02 -14.82 -17.84 -148.29
-59.05 -33.56 0.07 -93.43
-37.01 -113.35 -77.03 -54.85
-61.80 -94.23 50.82 55.56
-68.54 -24.68 -31.69 -71.14
9.64 -103.06 55.44 19.61
-25.73 47.58 -1.77 67.56
-79.51 -107.77 -86.05 69.20
66.35 38.67 3.87 139.21
15.30 159.07 -9.03 -153.19
12.72 -62.80 69.58 150.09
-6.44 74.73 -22.26 77.82
-84.66 156.28 -0.34 56.44
-21.49 -52.52 66.71 -54.88
23.98 -142.97 0.61 -170.10
9.18 95.77 -25.05 -33.26
-39.07 -85.62 -43.07 160.30
43.66 -82.07 -87.17 -23.28
15.21 66.57 62.11 -38.11
-56.34 -138.62 55.61 15.85
8.97 87.75 39.30 -65.99
22.22 53.33 -75.88 -24.12
11.07 -18.88 43.88 5.61
-32.12 167.11 47.75 -58.97
-54.33 -3.04 38.45 -154.02
9.51 -31.37 -56.92 -127.32
43.30 -24.61 84.64 -128.89
35.03 10.40 88.54 13.66
-68.75 -69.85 -16.41 141.69
-17.47 -132.08 -67.44 -47.50
17.16 -25.06 24.68 -71.26
-53.40 -19.63 -12.06 -64.12
-47.27 -28.90 -71.32 -56.45
-14.83 -145.17 -53.09 -6.60
-12.26 25.08 59.68 -97.56
-58.30 100.38 -62.69 29.61
11.05 -57.50 -72.96 -76.69
23.60 15.23 19.00 149.64
4.55 -0.36 -61.15 -56.42
-14.24 134.00 9.56 6.59
-30.55 159.55 2.34 60.60
89.20 123.18 66.67 -96.65
-76.58 -59.91 -23.54 121.30
6.73 -60.18 -67.10 100.48
-80.02 -37.95 19.85 -125.27
0.23 -88.96 -59.39 -15.04
-82.57 27.90 62.84 -55.55
41.09 107.78 -37.45 -31.79
28.01 152.57 -83.03 -86.99
-23.13 60.87 39.15 -117.56
20.04 108.07 -23.27 119.38
-85.40 125.94 33.03 167.79
-45.09 -64.67 45.11 154.54
45.32 12.75 -24.61 -25.24
37.00 -54.83 -46.59 -39.13
34.62 66.67 69.61 74.09
82.87 -105.06 18.97 -45.88
-63.80 59.41 2.64 99.27
84.62 -9.42 -38.63 -142.42
-35.02 75.55 47.74 3.94
-45.78 17.41 -54.58 -94.85
-3.86 137.42 68.75 60.17
-59.16 74.69 -46.80 177.66
-10.44 -51.08 17.75 107.17
-25.16 5.74 -56.75 -60.07
36.52 9.87 48.66 -36.59
-54.40 -42.68 -43.03 43.81
1.03 113.32 -5.90 -151.53
8.20 57.00 -58.68 -157.43
-0.57 -121.49 18.20 79.94
-75.07 -169.12 27.68 175.44
-37.62 117.85 -12.34 -160.82
73.08 34.01 25.03 129.22
-86.08 94.89 -44.95 124.42
-37.88 -16.80 83.76 -8.08
61.33 -135.71 -42.37 -178.81
27.31 63.92 34.38 -112.99
80.89 102.26 -64.38 35.66
72.20 110.75 -58.21 134.45
66.21 78.91 10.21 26.21
-83.74 15.97 43.09 34.39
65.32 145.28 45.59 -118.44
49.07 139.88 -29.84 -96.39
-66.07 -167.52 -44.02 -119.70
-35.20 9.52 50.19 -66.22
13.02 79.25 -41.43 74.72
-39.22 -30.12 6.22 46.06
-81.12 -4.42 11.80 64.94
51.17 -162.44 80.49 120.39
10.85 7.50 -60.57 110.61
29.55 -133.41 -61.48 22.76
13.66 55.92 54.47 -35.33
-22.76 92.96 -30.23 -98.89
-55.67 100.77 39.56 -2.17
52.34 -31.87 -3.63 -139.83
-53.74 49.04 -42.92 -167.48
-82.13 -178.62 84.25 -0.70
35.21 20.39 29.63 73.00
-69.96 -148.00 -69.77 -69.32
-54.43 -24.60 -53.50 174.74
-4.16 164.20 8.33 -129.17
63.67 -45.60 87.24 -46.61
-62.06 -14.24 -80.96 -89.29
69.83 -48.46 82.90 -148.18
-28.26 -44.01 -81.29 -75.08
27.29 11.07 -71.25 150.04
62.01 14.79 89.71 -114.45
20.65 173.20 57.99 139.93
-35.41 -122.39 18.77 87.32
27.88 -110.96 24.94 -133.39
81.04 31.81 32.08 -67.18
50.06 97.92 -76.02 -74.34
-31.83 116.33 73.23 101.17
6.47 -143.68 26.53 -87.39
60.41 104.00 -31.60 -40.39
3.22 61.99 63.46 -70.42
36.32 108.69 -58.42 40.32
-12.48 -154.66 -87.70 -177.27
23.62 31.95 64.31 -154.23
57.53 -95.82 -74.32 137.79
-36.74 -144.30 -52.47 169.59
64.71 -152.81 -67.87 90.34
-51.89 -112.20 6.93 -156.21
53.63 -11.37 -17.88 147.57
-32.03 124.93 -76.01 -98.16
74.79 131.96 -50.81 167.43
34.65 40.98 -70.76 18.49
