10
  78  85 527  37
  73   1 422  10
  44  68 539   2
  24  84 391 103
  86  27 560  70
  25  96 237 102
  10  77  21  25
  28   0 612 112
  29   6 362  88
  93  54 564  13
10
  67  67 540  27
  18  56 582  30
  43  43 453  96
  55  63 459 111
  74  42 603  30
  15  30 187  87
  40   7 564  70
  40  30 568 102
  16   7 126  59
  64  86 344  34
9
  50  48 514  99
  49   0 362  80
  20  79 261   7
  19   1 589 113
   6  85 551  62
  73  49 304  53
  47  66 214  25
  33   5  69  88
  13  84 193  11
5
  62  59 499   5
  39  19 145  90
  75  92  29  38
  52  99 312 120
  69  36 460  53
2
  41  22 453  93
  42  47  99  51
3
  68  43  37  10
  11   0 349 113
  71   2 113   8
15
  30   9  17 122
  95  18 631  31
  47  68 235  62
  95  11 139   9
  98  56  29 109
  19  90 656  20
  63  98  57  62
  85  73 243  49
  71  67 433  81
  45  66 477  93
  88  45  81  61
  32  84 321  81
  80  82 431  78
  99   0 258  86
  87  62 661  64
1
  21  65 331 116
11
   6  78 510  53
  84  93 649  48
  43  92 202  84
  24  35 492  87
  22   1 326  43
  66  72 385  93
  44  54 426  68
  50  36 222 103
  60  56 115  42
  43  44 468  49
  49  86 295  96
14
  79  48 548  63
  11  35 229  80
  39  83 192  47
  39   1  52  36
  81   8 658  20
   9  17 511  77
   0  16   2  45
  25  30 504  52
  22  56  39  96
  47  33 598  61
   8  38  65  38
  62  47 217 124
  51  95 562  64
  91  61 508  24
14
  95  29 339  14
   5  38 550  55
  59  57 273  48
  14  56 103  18
  35   9 121  84
  23  78 347 121
  36  51 279  24
  20  14 289  44
  65  15 261  19
  18  22 434  80
  15  77 156  62
  35  29 642   1
  18  70 369  51
  86  41  97  51
6
  87  73  55 113
  85  77 265  94
  19  88 311 118
  48  36 239  57
  69  88 590  77
  71  23 172  25
1
  83  45  92  98
11
   1  98 514  73
  44  47 202 119
  12  90 310  81
  16  70 542  13
  95  20 291   4
  51  18  41  41
  13  93 260  76
  88  88  43  65
  22  90 165 120
   1  18 490  66
  78  65 409  95
3
  94  74 240 125
  19  22 110 100
   2  95 485 100
10
   0  99 422 121
  93  39 369  76
  98  83 479 113
  87  59  70  27
  59  75 531 125
  22  26 233  34
  70  62 284  33
   4  41 423  65
  35   5 331  24
  79  80  33  60
10
  49  86 587   4
  15  61 415   6
  75  68 615 126
  95  72 292  59
  73  40 287  94
  80  57 395 109
  97  79  93  10
  40  62  74 125
  78  89 525  66
  80  93 655  23
10
  57  72 178  95
  74  14  58 100
  56  62 100  68
  92  57 663  65
  33  69 308  19
  69  74 200 122
   4  96 319 127
  63  78 613 102
  15  20 665 100
  33  89 575  30
4
  45  26 540 120
   1  19 208  83
   1  70 647   1
  82   3 537  55
14
  37  16 457  12
  16  39 162   4
   7  54 311  71
  86  58 615  26
  34  85 485  56
  80  26 541  12
  53  10 144 110
  41  41 366  31
  72  78 566  54
  79  40 396 109
  31  86  86   6
  42  69 516  24
  28  76  61  90
  58  60 331  74
7
  68  15 530 100
  61  45   1  53
  55  73 590  27
   5  89  59  47
  36  36 235  36
  96  89 158  90
  62  93 378  60
13
  62  57 202  40
  67  14 186   8
  91  54  70 123
  53   1 382 109
  18  44 401  95
  26  60  67 120
  42  85 481   2
  52  76 588  94
  54  14 530  64
  32  73  37  31
  59  76 504  44
  35  12 566  50
  35   6 333 109
9
  74  61 154  63
  46  75 347  75
  18  41  60  25
  73  28 376  26
  48  32 148 125
  70  37 116  90
  64  58 527 109
  48   5  74 119
  57  74 579 103
5
  80   7 540 102
  43  73 556 117
  70  15 121 106
  22  11 294 127
  77  78 157  97
13
  47  38 556  19
  34  66 101   9
   8  36 591 114
  76   4 625  28
  88  34 284  71
  30  19 653  76
  50  83 202  53
  13  94 275 108
  79  13 119  80
  86  14 106  30
  23  95 507  76
   8  51 626  71
  66  49   4  96
10
  61  62   3 117
  95  32 161   8
  95  15 354  71
  93  76  41  87
  10  17 615 105
  61  29 207  66
  81  12 280 116
  58  27 271   7
  14  71 228 127
  15   9 404 106
6
  71  67 139  93
  53  31 606  19
  70  62 195  83
  64  65 254  28
  17  55 269  28
  66  48 232  42
13
  71  92 270  55
   1  48 286 104
  78  92 418 106
   0   8  48  19
  83  75 237  80
  94  70 287 124
  60  71  53  88
  50  97 301 125
  52  73  53  94
   8   6 358 104
  51  38 207  49
  54   3  41 120
  76  37  60  77
2
   0  66 617  97
  35  88 403  78
12
  15  70  10  91
  59  41  88  22
  60   9 338 107
  44  11 225  77
   0  23 592  28
  41  60 435   8
  90  87 261  17
  42  18 203  21
  25  10 517  16
  76  36 636  75
  81  36 257  29
  17  25 436 107
12
  46  58 391  57
  95  58 329  39
  61  47 345  36
  63  33 575  32
   3  17 287  81
  96  43 236  79
  81   3 593 111
   1  72 241  86
  21  99 628  59
  22  16 216   8
  33  83 150  51
   9  96 391  50
14
  59  29 197  59
  84  41 336 101
   1  86   4  21
  30  39 598  76
  48  13  95 120
  44  10 330 121
  91   1 248  56
  10  22 482  45
  35  69 354  44
  57  72 494 109
  33  58 653  91
  40  64  78  46
  42  41 594  19
  40  38 556  78
15
  51  95 306 101
   4  78 428 126
  37  33  39 115
  48  23 277  67
   1  49 666 125
  54  15 149 118
  38  71 569  64
  40  89  72  69
  52  43 415  32
  16   9 515  62
  26  53 413  17
  88  74 384 101
  11  41 496  11
   0  65 114  18
  19  39 408  44
15
  65   3 195  17
  77  54  83 108
  59  17 257  94
   5  95  86  61
  45  43 440  10
  85  62  15  93
  64   4 220  16
  86  69 585  99
  43  51 543  21
  45  73 233   5
  56  56 267 121
  55  13 116  51
  15  52 427  23
  90   0 178  27
  40  54 608  75
4
   0  73 417  28
  88  32 583  91
  32  68 169   6
  90  18  96 123
3
  78  51 375  46
  44  45 226  40
  66  53  74  84
12
  11  97  32  59
  78  79 186  38
  36   8  78  92
  71  65 585  98
  65  96  76  49
  28  60 411  55
  50  87 511  68
  47  73 584 102
  92  58 122  92
  70  70  25  75
  16   6 659   8
  13  87 604  90
11
  10  89 533  60
  47  81 626 124
  10  57  67  65
  32  57 619 118
  57  35 132  84
   2  20  76   5
  86  79  15   8
  10  16 130 100
  66  72 606  28
  83  66 151   7
  51  93 450  15
12
   3  98 491  23
  28  27 384  80
  15  91 257  88
   6  42 164  94
  55  82 132 106
  83  81 439  78
  41  25  93  87
  63  25 218 114
  36  67 140  34
  62  64 615  92
  90  30 580  29
  33  48  93  21
11
  83  55 527  43
  38   1 615  75
  45   0 652   9
  95  62 250 125
  29  30  43 103
  21  57 190 103
  95   9 220 128
  82  73 193 101
  57  65 317  80
  34  47 558 123
  34  31 444  75
7
  43  45 170 110
  57  57  71  33
  83  80 469   9
  34  83 144  88
  32  69 393  41
   2   3 635  80
  25  16 376  66
12
  84  66  87  19
  60  96 499  14
  50  96 658 116
  64  41 280  18
  33  69 634 108
  78  68 364  13
  94  56 292  29
  42  67 212 100
  58  26 346 114
  67  18 525  88
  64  69 275 108
  13  28  77   7
9
  51  86 447  70
  37   7 536  75
   6  29 646  18
   6  79  82  69
  23  53 222  74
  74   2 299 109
  52  72 635 122
  48  42 180   3
   2  51 513 128
1
  64  70  72  75
6
   7  43  75 109
  48  45 297  95
  21  20 256   4
   4  39  51  40
   8  41   1   7
  89  88 102  63
15
   4  70 268  43
   0  33 108 108
  79  94  91  91
  42  98 247  74
  77  74 613  28
   1  91 531  68
  48  91 228  16
  73  79 179  24
  43  30 173  53
  31  95 246  90
  45  62 557  32
  99  39 198  13
  96  76 280  38
  15  50 164  20
  58  63 488  75
5
  45  54  28 104
  32  90 544  46
  87  40 400  86
  97  71 574  33
  90  82 538 125
13
  80  19 146   3
  64  74  64   1
  83  59 381  44
   3   0 327   7
  19   0  82  95
  10  55 558 118
  34  34 197  12
  17  33 619  43
  58  49  57  15
  41  74 292  59
  25  76 332  24
  39  29 482  98
  35  11 150  27
10
  23  32  92  87
   8  61 639  96
   4  18 459 116
   3  46 235  17
  88  75 580  56
  45  82 323  57
  11   7 234  22
  51  32 511   1
  22  26 179  12
  33  30 392  71
14
  29  98 408  25
  75  84  40  60
  81  43  37 117
  80  62 137  39
  89  12 242 100
  73  80 232  50
  81  55 237   2
  37  51 418 102
  66  18 294  19
  35  41  83  59
  85  16 369  96
  19  65 303 101
  17  60 141   5
  91  43 281  34
14
  39  35 267 103
  76  70 400  84
  98  30 601  76
  65  77 598  74
  64  41 501  50
  62  72   7  97
  16  11 570  53
  35  14 663 109
   1  74 277 119
  74  77 625  44
  13  72 125  89
  59  30 138  94
  96  23 200  89
   7  10 252  24
14
  76  73 340  86
  96  54 499  83
  83  75 595  83
  97  67 506  50
  23  23  86  23
  39  39 533  88
   4  74 612  90
  23  44 111   6
  51  99 382  22
  16  99 614  86
  51  99 313  26
  50  48 493  17
  19  25 182  72
  14  58 194  22
10
  66  54 211  37
  36  28 632  76
  85  66 640  33
  57  99 421  88
  51  33  91  18
  26  55 390  39
  26  83 657  46
  16  82 113 109
  87  35 373 105
  97  76  68  54
5
  28  77 332   3
  36  61 634  51
   4  38 271  41
  93  65 437  52
  54  77  46 105
13
  29  66  33   7
  42  44 418   3
  68  36 461  18
  55   2 557  77
  41  75  45  62
  97  61 122  81
  43   1 563  73
  30  21 654 109
  95  59 632  70
  11  37 450  79
  13  79 666  22
  18  20 486  94
  52  60 269  20
10
  31  28 172  66
  57  15 190  31
  35  86 620  65
  11  14 663  29
  49  57 178  28
  38  90 665 106
  91  62  50  72
  46  70 603  22
  17  77 319  16
  70  74 252  43
8
  98  99 113  29
  49  22 161  97
  46   6 290  48
  78  89 108  74
  25  51 557 116
   5  92 138  83
  24  79 130   4
  99  66 482 116
7
  32  35 123  94
  47   3 362  41
  92  64 544  40
  22   3 432  23
  96  77 627  63
  85  75 661 105
  66  72 602 102
8
  22  35 355  29
   2  46 390  90
  24  98 216  43
  56  66 247 114
  26   3 286  75
  52  99 208  15
  25  17 565  59
  81  42  26  62
6
  48  31 242  78
  98  71 436  86
  26  59 562 116
  54  72 635  94
  70  24 179   4
  86  48 143  94
13
  19  33  26 102
  83  49 251  37
  15  36 248  66
  19  50 517  65
   9  85 485  18
  51  80 664  49
  96  52  51   1
  27  94 461  15
  65  47 190  46
   7  48 539  70
  18  74 143  10
  64  37 153  99
   5  25 599  66
12
  12  34 377   3
   3  15 275  62
   3  41 153  77
  37  81  25  54
  91  35 349  88
  38  14 292  91
  17  43 179   3
  13  35 290  92
  22  26 564  30
  28  78 160 124
  77  83 464  96
  32  14 623 102
5
  54  18 409  74
  20  49 464  55
  53  75 489   9
  74  15 610 126
  12  25 404  64
8
  41  86 462 118
  91  57 503  65
  72  92   7  25
  41  62 462   5
  18  94 565  93
   3  23 278  99
   4  22 598 107
  80  71 519 119
9
  22  10 422  71
  92  18 600  51
  48  25 442  10
  40  48 147  50
  12   2 313  21
  38  78 362 126
  13  13 415 104
  16  46 444 127
  96  90 663   3
9
   3  11 606  33
  84  61 186  35
  26  49  62  85
  60  68 178  80
  74  39 225  44
  16  32 541  60
  59  82 199  95
  50  24 548   3
  38   6 116  69
3
  20  55 531  76
  88  75 658  68
  60  80   2  74
12
  38  78 280 103
  82  38 145 105
  64  13 587  28
  88  51 132 127
  98  55 543  20
  39  73 198  86
  89  92 437 103
   0  15 465  15
  36  38 306 125
  17  18 297  83
  42  33 255 105
  41  31 500  74
11
  18  41 312 107
  78  20 257  93
  29  72  53  85
  23  17 619  74
  90  49 186  19
   3  50 183  96
  37  73 636   5
  66  72 341 113
  21  84 178  94
  74   0 636  54
  96  55 517  56
11
  25   7 146  33
  39  48 559   1
  97  91 113  29
  43  25 583 110
  18   0 411  93
  37  67  32  89
  46  56 460  62
  72  43 146   5
  97  49 431 125
  57  88 153  53
  83  54 302  71
15
  24  11 167  85
  99   4  46  47
  94  73 275  38
  55  43 234  19
  16  32 278 123
  15  69  28 110
   0  21 551  70
  64  11  63 121
   8  88 559  71
   9   7 326  65
  89   3 343 100
  65  97  51  44
  83  82 138  11
  35  50 172  19
  13  87 132  42
11
  24  57 399 119
  15  32 386  99
   5  54 510  89
  43  56  95  18
  26  61 655  94
  59  92 259  65
  17  40 156  35
  16  92 400 115
   6  40 582   4
  91  21 160 123
  11  96 645 107
10
  26  21 216  97
  13  82 260  69
  70  59 286  20
  39  88 634  98
  71  74  99  74
  21  89 285  49
  82  88 199  31
  33  58 392   5
  79  11 228  67
  21  44 641   7
5
  32  73 636 116
  35  54 565 128
  23  83 614  43
  99  77 336  27
  48  27 550  50
5
  72   0 362   5
  82  70 165  35
  94  85 602  96
  50  25 165  71
   1  41  61  45
1
  45   4 410  45
14
  50  46 193  62
  29   9 205  18
  52  59 266  63
  18  62 159  98
  85  88  77  41
  92  97 287  64
  85   8 513  26
  50   3 630  50
  90  52 596 118
  42  19 378 125
  41  95 551   9
  52  60 526 101
   8  37  73 122
  78   0 245  34
11
  65  79  92  37
  20  78 119  36
  48  80 645  75
  69  60  68  88
  79  13 185  19
  66  36  74  63
  88  79   6  27
  58  71 621  14
  44  75 341  66
  71  17 631  97
  62  71 646  51
5
  37  94  20  52
  62   3 618 122
  59  65 439  47
  59  56 232  66
  79  85 435  41
3
  46  96 344  34
   9  48 177  79
  16  41 593   9
3
  34  92 434  83
  92   4 487 128
  22  50 520 122
11
  57   2 529  87
  30  73 654  39
  78  53 324  71
  14   2 478   6
  70  44  76  82
  68  46 369  27
  40  86 265  51
  19   5 459  25
  83  28  80  33
  72  13  90  39
  38   2  31  82
2
  26  13 517  90
  27  40  15  13
8
  47  72 166  86
  58  55 478 102
  64  17 408  45
  56  70  81  59
  87  74 470  45
  77  44 273  34
  80  73 623  57
  72  62 435  84
5
   3  15 240  47
  33  39 431  59
  51  76 223 124
  13  36 101  71
  89  38 628 123
5
  40  89 226  92
  79  93 343  70
  47  17 176  65
  48  25 470  95
  68  40 358   1
13
  31  19 663 120
  49   6  74  36
   3  64 296  11
  19  20 616  48
  57  48 652  79
  42  79 500  18
  84  54 295  18
  15  71 532  45
  85  47  81  90
  38  34 366  56
  50  93 418 128
   6  21 595  69
  38  63  74  26
1
  22  38 235  19
1
  45  62 405  95
1
  20  57 514  64
7
  45  96 478 107
  62  95 249  19
  73  68 610  33
  55  12 334  11
   0  45 627  94
  41  94 620  40
  51  77 503  73
9
   4  28 287  10
  48  10 326  23
  42   4 105  34
  27  32 197 105
  86   5 105 111
   5  66 488 102
  60  69 458 128
  38  25 174 121
  93  42  54 104
12
  29   4 479  70
  76  74 609 127
  18  18 574  71
  67   4  76 115
  34  71 608  12
  55  23 132  87
  14  90 442  89
  12  45 655  76
  76  94 220  19
  25  53 157  60
  32  44 536 102
  55  99 337 125
12
   5  91  85  31
  78  14 368 110
  25  37  11 102
  74   3 653  22
  16  21 595  81
  60  89 501   6
  94  41 520  55
  95  55 131  78
  55  53 658  87
  39  85  62  51
  72  17 378  80
  21  46  67  70
5
  17  89  74  36
   0  12 209  35
  91  25 323  84
  65  82 135  23
  92  15 348  58
6
  23  98 276  19
   9  48 318 116
  33  28 641  13
  96  11 595   7
  68  91 320  55
  61  34 561  77
2
  66   6 413 120
  22  73 104  52
15
  96  54 463 121
  76  49 577  80
  98  26 460  96
  82  10  21  80
  91  16 219  57
  98  90 556  72
  72  81 348   8
  30   3 568  87
  37  27 388 102
  46  65 439 108
  14  44 614 128
  35  48 331  76
  20  26 259  18
  88  70 258  98
  60  12 436  27
11
  72  96 465  72
  97  83 290  54
  41  72 168  11
  32  72 399  63
  51  41 455  51
   7   0 541 111
  84  85 178  61
  69  91  54  74
  61  93 266   1
  23  11 198  74
  36  17 616  11
8
  49   8 348  10
  76  36  44  91
   5   9 524  85
  30  10 202   6
  75  74 176 105
  54  48 237  46
  34  64 367  96
  78  56 342  14
12
  28  88 353  54
  11  40 212  33
  23  96 420  55
  39  11 118  93
  89  64 621 102
   7  40 657  52
  40  96 324  92
  48  66  87  40
  74  77 455 127
   1  38 214 100
  27  76 599 100
  67  66  88 106
10
   1  61 119  76
  24  88 315 114
  42   7 587  25
   5   1  35  35
   6  80 442  78
  48  25 403   2
  98  61 303  91
   2  24  49  40
  86  55 104  54
  21  10 519  30
14
  77  27 300  14
  92  14 109  25
  50   5 218  93
  55  61 606  15
  95  26 232  44
  20  32 323  52
  35  25 175  52
   2  64 561  81
  26  31 308 118
  43  18 431  56
  73  46  46  36
  48  80 172  86
   5  43 459  75
  78  25 217  71
11
  96  83 418  19
  24  57 362  54
  14   3 590  93
  29  37 144  26
   4  10 602  78
   2  74 153  56
  33  44 236 126
  54  84 311  81
  21   2 152  29
  72  98 382 109
   0  39 234 124
11
  39  97 476  65
   1  35 232  92
   6   7 104  24
   8  10 173  58
  95   0 281 105
  30  99 214  99
  21  77 543  92
  39  73  24 112
   2  31 542  24
   0   4 385  57
  40  58  80  60
9
  37  32 279 126
  22   8 484  65
   3  41 361  96
  44  66 623 112
  63   3 150  93
   6  87 327 105
  25  13 660  31
  19  80 439  31
   3  56 229  11
11
  54  19 590  57
  37  21 559  51
  97  77 207  49
  27  38 251  42
  19  89  45   4
  64  17   3  43
  59  18 181   8
  61  99  62  85
  21  67 323  15
  36  58 142  37
  28  86 290 124
13
  72   6 425  17
  64  82  24  26
  82  11 329 123
  90  79 393  54
  92  41 591   7
  48  89 553  56
  59   7 608   5
  91  86 511  60
  45  16 531   9
  16   9 327  71
  14  51 189  90
  65   4 655  68
  81   9 144  59
7
  28  83 111 119
  77  95 227  30
  25  25 554  97
  53  47 292 120
   5  50 588 101
   0   0 269  11
  70  22 422 118
2
  38  77 389 121
  60  27 254   2
13
  34  91 483 118
  16  57 627  58
  54  84 461  73
  47  71 625  76
  77  64 401  56
  96  33 129  15
  24  66 374  24
  60  29 275  88
  40  46 559  67
  71   8  83 120
  93  25 543  39
  54  92  55 116
   7  31 455 105
4
  40  18 362  30
  99  91 413  10
  44  22 396  12
  54  15   7  23
10
  63  19 335  63
  37  12 575  30
  55  45 131  77
  19  72 204  28
  60  92  38  54
  12  83   5  81
  32  62 524 103
  32   6 265  91
  65  48 578  17
  67  54 549  92
10
  46  28  44 104
  60  12 554  44
  35  69 579  64
  39  53 558  76
  15  85 454  72
  69  35 287 121
  78  65  75  31
  57  94 117  71
  55   3 619  16
  65  67 168  94
15
  69  99 491  45
  95  64 615  75
  45  87 374  68
  18  63 462  67
  58  76 136 111
  62  66 454  29
  56  36 520  70
  77  48 660 121
  15  46 624  26
  12  11 318  74
  13  58 365  31
  33  83 376  44
   3  92 353  64
  34  65  17  26
  23  91 396  92
2
  38  64 149 104
  14  75  98  52
3
  97  93 603  68
  57  71 219  74
  82  17 321 119
12
  49  58  83 107
  50  92 603 124
  34  55 518  43
  48  66 395  26
  32  87 375  69
  58   6 206 118
  94  48 528  85
  98  87 457  29
  53  47 156  27
  28  55 368  22
  47  14 201  63
  88  47 555  37
7
  24  46 426  60
  46  32 121  12
  86  30 199   5
  62  12  97  74
  19  72 152  73
  35  94 353  18
  99   4 386  43
4
  17  32 431  73
  95  48 243  59
  70  99 619  33
   5  87 425  49
8
  73  20 322  98
  98  25 354  77
  36  92  41  13
  83  81 640  88
  77  21  47  70
  93  69  45 124
   6  70 560  85
  27  60 532  43
4
  77  60 414  33
  70  62 294  87
  92  13 499  16
  30  13 549  32
6
  11  38 618  91
  44   2  69 103
  77  71  41  45
  12   9 444  16
   3  43  92  57
  51  58  56  30
15
  67  27 276 127
  46   9 320  90
  98  20  55 117
   6  15 578   7
  20  17 343  33
  44  64  33  58
  90  97 598  26
  83  69 180  46
  97  50 204  37
  38  43 432  95
  61  89   6  56
  73  67 191  45
   5  45 443  49
  95  50 490  15
  13  86 598  69
4
  56  80 559  60
   9   7 420  11
  88  44  48  89
  42  72 298   7
10
  42  60  63  66
  50   3 418  69
  12  97 574 103
  96  72 447  97
   8  94 495  75
  37  32 384  96
  56  23 533 104
  90  80 509  54
   8  33 342  77
  50  58 657  49
10
   6  24 150  85
  19  84 456  28
  71   7 323  12
  97  22  57  42
  37  42 586  84
  52  98 272  64
  58  28  89  35
  25  34 224  58
  85  31 384 115
  99   4 610  17
1
  59  37 467  68
13
  29  76 414  39
  66  66 442 105
  20  25 247  65
  81  51 117  87
  50  92 656 100
  39  17 491  23
   2   2 456  16
  53  99 603 107
  13  82  56  70
   6  80 543   3
  82  79 650  45
  70  15 609  28
  62  20 210   5
8
  15  15 526  78
  18  81 560 125
  95  11 159  57
  68   9  39  77
  65   4 339  57
  77  16 112  84
  66  57 155   7
  96  53 445  75
11
  37  81 162  61
  83   5 104 121
  39  51 373  19
  82  47 537  99
  67  29 136  97
  68  22 107 114
  40  26 455  69
  14  65 467  82
  34   3 530 126
  61  17  18   7
  75  52 137  30
13
  64  69  28  24
  97  46 167 119
   2  65 209  87
  19  96 348  61
  73  56 271  35
  26  72 559 110
  80  40 300 128
  36  24 422  86
  67  53 314  70
  96  16 334 119
  61  99  48  42
  65  32 650  47
  26  38 244  10
11
  95  95 222  75
  64  84 552  66
  97  93 414 100
  25  31 354   3
  11  94 518  90
  77   1  66  83
  33  38 397  93
  71  68  96 118
  15  19 200  27
  46  31 382  15
  50  95 478   1
12
  57  63 518  19
  29  88 299  46
  98  21 124  29
  21   7  25  97
  90  43   4  63
  53  84 197  31
  66  30 589  50
  55  52 661 106
  33  13 611  65
  22  14 342  83
  26  73  20  43
  16  99 135  42
7
  52  61 245 127
  25  94 404  59
  29   2  91 126
  33  41  33   6
  28  27 276 104
  29  98  21  18
   7  70 562  12
12
  48  19 356 103
  99  43  14 113
  78  96 267 102
  32  43 217  15
  46   7 299  36
  57  40 296 116
  15  32  20  51
  82  91 607  48
  43  30  15  56
   3  95  76 107
  16  33 450  58
  41   0 507 118
10
  99  60 464  81
  48  37 428  64
  94  92 141  87
   6  57 519  85
  30  44 173 125
  91  23 299  32
  62  12 100  38
  56  18 368   9
  24  55 301  30
  54  25  52  93
13
  43  41 511 110
  57  99 213  54
  44  57 334  45
  48  30 605  54
  14  92 109  37
  93  11 373  55
   1  93 522 109
  81  50 508  37
   4  24  97 120
  40  13 281  53
  62  37 271  34
  79  11 628  67
  73  45 136  60
12
  43  64  79  65
  10   8 440 112
  11  57 382  28
  42  55 178   3
  45  47 187  24
  52  16 129  62
  76  63 404  10
  52  84 267  69
  66  95 391  20
  33  77 570  98
  11  96 219  38
  75  53 229  73
11
  14  85 237 117
  35  87 232  77
  88  79 495  45
  49  43 258  25
  34  66 651  48
  73  79 600 100
  52  73 267  33
   0  52 589  80
   9  66 480  86
  78  97 489  99
  22  18 289  79
1
  24  91 300  27
6
  57  41 502  70
  10  51 360  73
  45  58 288  46
  17  86 232  88
  38  71 639  34
  13  66 644  31
12
  21  39 448  27
  14  99 530 112
  64   2 617   8
  58  58 321  84
   6   9 620  60
   6  47 442  43
  44   1 390  75
  34  60  39 117
  44  56  50  70
   4  58  76  62
  74  20 605  24
  52  33  37  10
7
  21  28 507  15
  47  72 393  91
  53   3 325  20
  79  46 611 105
   5  12   9  47
  13  20 411  65
  19  90 555  38
8
   4  22  22   7
  72  62 620  86
  87  11 499  52
   3  67 262  90
   6  53 332  20
  80  58  47 108
  73  21 586  79
  59  52 585  30
14
  22  83 321  35
  88  41 328   7
  88  54 544  92
  95   3 650  93
  21  59 182 112
  91  52 374 109
   4  57  44  97
   4   2 261  82
  11  26 265  49
  68  51 484  14
  49  56 538 113
  82  96 543   4
  41  55 502 110
  58  85  94  91
8
  62  62 190   7
  59  47 159  70
  15  57 631   5
  71  16 474  86
  46  90 340  79
  69  19 353  26
  87  67   6  16
  92  71 571  91
4
  51  62 371  86
  63  47 161  46
   8  77 140  72
  48  94  69  88
14
  12  62  54  25
  50  25 246  47
  52  28  22  89
  21  85 504 108
   9  27 294 128
  51  92 517  85
  19  82 458  36
  40   9  99 100
  26   4  66  69
  93  76 560 122
  19  45 245  49
  13  40  98  74
  12  74  42  93
  81  64 356  39
9
  81  67 660  31
  34  77 332  91
  44  99 148  92
  88  96 103   9
  25  66 476  63
  79  49 482  65
  72  41 630  78
  28  92 260  86
  42   9 615  73
7
  93  87 487  67
  72  25 256 120
  47  14 593   1
  15   7 586  57
  53  72 176  37
  55  31 312  41
   1  35 640  38
6
   6  10 302  63
  43  34 614 117
  47  23 637  70
  11  31 438  37
  17   3 169  27
  15  98 453  35
10
  41  50 124  94
  83  19 373 127
  88  95 538  29
  21  69 104  76
  37  93 489  31
  45  20 211  88
  68  15 214  72
  93  59 356  52
  50  34 275  37
  21  34 402  81
3
  20  46 374  94
  94  87 230 107
  69  93 193 122
12
   5  86 464  15
  60  88 516  78
   0  22 145  59
  65  57 124  92
  41  46 119  29
  53  19 330  95
  34  66 106  15
   0  31 311  59
  70   5 124  46
   9  30 473 127
   5  61 238  83
  48  22 466 113
5
  88  97 262  78
  77  46 353  65
  57  87 289  74
  32  78 628   4
  90  75  99   1
4
  97  83  66  17
  97  68 228  27
  88  66 322 120
  79  48 507  13
5
  64  84 431  98
  87   3 607 102
   7  35 449  77
  55  43 306  43
  52  30 274  82
12
  45  41  61  28
  41   3 342  93
  48  18 612 105
  43  57 642  72
  34  76 625  75
  97  25 496  96
  72  98 421  96
  41  33 181  79
  95  86 323 119
  92  36 560  97
  40  41 559  29
  28  83 653 122
1
  47  26 347  40
10
  21  72 167  64
  83  72  39  83
  14  10  85 121
  57  56 611  82
  39  64 539  79
  32  90 526 121
  48  43 162 102
  35  87 365  80
  18  56 128  69
  74  54 131 119
3
  70  28 531   1
   1  68 621  25
  59  49 501  63
14
  25  83 522  62
  80  67 389  74
  38  44 369  70
  60  70 113 107
   8  76 468  61
  48   5  87 127
  75  54  89  32
  89  25 184  72
  51  66 557 119
  88  84 442 103
  28  78 107 102
  38  40 541  87
  36  46 230  15
  34  36 332  36
12
  55  21 562 115
  94  14 147  51
  13   1 664  85
  81  35 118  10
  15  51 274  60
  76  93  78  48
  91  44 266 105
  11   5 187  50
  26  67 473  89
  20  73 580 113
  56  33 665  59
  82  37 315  44
13
  30  47 186  62
  76  70 286 100
   2  98 595 116
  49  94 628  60
  13  41 339  17
  19  16 160  50
  19  82 527  55
   2  58 509  70
   9  85  56  87
  52  85 546  66
  40  54 616  66
  25  89 289  30
  14  39  51  22
4
  31  42 221  76
  37  92 644  65
  25  51 516  72
  35   6 405  61
15
  65  85  16  55
  39  13 591  82
  46  21 411  20
  87  53 480 122
  20  59 249  84
  24  39 623  58
  11  56 613  48
  85  13 134 107
  50   2 465  97
  87  41  90  29
  55  86 617  63
  38  94 332  16
  57  10 506  25
  49  33 653 103
  45  13 624  83
5
  76  85 595 123
  51   8 576  77
  42  53 486 125
  25  74 343  94
  60   5 487  43
4
  47  25 631  39
  76  36  60 108
  22  54 427  73
  96   6 393  58
1
  63  38 373  75
15
  48  93 423  72
  42  53  68  87
   9   4  76 121
   2  57  13  51
  51  75 134   1
  78  33 499  45
   9  88 625  74
  85  80  67 111
  10  34 586 117
  67  53 138  92
  21  29 324  20
  22  76   1  54
  59  25 314  72
  68  38 303  80
  96  78 401  67
11
  36  10 553  79
  59  71 404  33
  35  66 191  19
  57  13 545  52
  19  45 616  61
  22  54 435  85
  73  57 402  67
  15  55 228  66
   7  51 163 108
  17  67 139  56
  36   4  54  26
8
   8  45 233 126
  95  72 659 128
  46  90 388  92
  61   3 394 101
  36   1 373  47
  96  27 381  67
  65  61 175  32
  22  94 599 110
10
  56  35 216   5
  54  27 317  16
  39  10 346 117
  99  10 319  81
  33  73 393  66
  74  13 284  83
  85  27 559  56
  64  29 625  29
  44  21 263  34
  75  51 519 115
14
  37  58 611  82
  75  62 560  93
   4  53  11  35
  91  39  74  98
  61  63 431  64
  73  98 229  50
  53  23 271  22
  59  31 373 110
  93  48 195   6
  82  20 478  52
  20  38  70  28
  64  11 646 118
  58  77 171  74
  11  31 644  43
9
   5  19  50  47
  90  22 367  45
  41  90 344  55
  13   0 177   5
  91  18 455 119
  62  44 447  12
  90  72  39   8
  43  64 517  10
   1   0 504  78
13
  90  47 403  15
  58  78  54  51
  62  72 530 110
  48  97 620  83
  17  12 394  84
  20  54 203  81
  57  21 528  91
  76  26 519  99
   0  66 133  47
   4  10 605  36
  54  66 595  49
  60  54  87  50
  63  29 535 124
1
  85  47 326  16
12
  31  31 254  70
  82   5 362 100
  60  30  25  51
  43  95 513  14
  83  59 483  85
  38  53 326  90
  90  74 291  35
  83  98 168 103
  13  14  28  51
  33  95 139  64
  69  45 319  89
  29  13 583 125
5
  15  98 299  21
  48  22 133 106
  25  26 507  95
  96  23 658  51
  99  79 452 120
15
   9  62  81  81
  78  50  32  18
   8  55 200 101
  29  77 659  66
  56  96 374  89
  12  71 640 124
  86  88 274  62
  14  22 638 115
  97  23 530 104
  44  75 598  57
   9   4 395 121
  97  39  26 110
  10  54 644 128
  57  75 630 105
  98  43  96  13
8
   3  86  71  87
  13  55 228  20
  93  81 646  51
  36  46 530  80
  69  95 436  59
  78  29 527  14
  48  26 272   2
   0  50  39  11
1
  71  28 356  89
11
  74  61 435  66
  73  65 163  80
  48  68 404  74
  98   6 525  21
  75  85  76  45
  90  51 654  80
  23  78 567  97
  17  86 629   5
  63  91 266  77
  17  88  98  85
  29  65 185  97
2
  63  75 526 125
  83   3 457  29
7
  23  97  68 122
  65  25 410  56
  30  12 666  15
  16  91 207  61
  11  25 574  26
  59  35 594  65
  28  23 175  47
7
  14  46  55  32
   1  45 221 112
   9  39 139  40
   3  37 630 124
  12  49 619  29
  86  44  31  28
  45  65 123  68
5
  27  38 116 102
  15  59 102 118
  13  63 559  31
  21  40 665 128
  67  33 448  62
8
  42   4 143  54
  54  98 500 122
   0  99 140  54
  73  45 198  53
  98  75 212  79
   0  49 487   9
  24  13  19 125
   5  68 586   5
14
  76  72 122 118
  27  77 271   6
   5  95 402   3
  88  43 253  60
  88  16 590  92
  13  68  67  43
  14  21 275  26
  90  50 309  30
  79  66 295  55
  79  58 583  94
  48  84  30  98
  73  88 408  58
  10  61 275 117
   6  75  94 105
12
  79  91 181 101
  49  61 646 119
  95   2  63  76
   4  21 198  56
  44  82 398 126
  66  64 430  51
  49  91 603   5
   2  75 450  95
  48  81  71  46
  51  97 287  80
  86  98  78 116
  97  42 486 113
2
  79   3 274  77
  83  47  16 122
1
  24   9  96  66
6
  31  73 262 116
  97  28 153  31
  41  96 220  48
   8  83 536  96
  11  53 625  97
  91  81 415  84
11
   3  83 527  42
  59  86 596  73
  16  54 586  65
  28  71   6  70
  15  39 293   8
  56  75 468  61
  14  99 338 101
  65  59 339  41
  95  68 135  35
  70  54 497  70
  76  38 267  28
10
  22  63 143  47
  46  70 461  40
  97  98  55  87
  68  69 157  67
  70  99  27   5
  13  92 365 108
  13  41 173  13
  14  77 302  21
  69  37 313  31
  81  16 240 112
2
  31  64 525  55
  85   7 195  80
2
  21  77 233  78
  47  35 527 115
14
  54  20 383   1
  12  91 173  67
  20  28 666  68
  53  50 589  46
  88  37 428  14
  27  18   4  72
  80  33 496  59
  67  23 527  40
  39  21 428  94
  47  51 510  25
  57  68 462  61
  59  62 571   7
   7  48 254  49
  23  34 287 125
3
  52  84 190  65
  22  53 480   4
  42  82 360 126
12
  98  80 405  59
  29  68 215  68
  69  80 195  50
  82  87 486  40
  31   2 386  29
  85  58 423  22
   5  62 428  89
  45  53 489  60
  81  95 446  31
  69  62 399  32
  52  90 407  69
  75  34   9  92
13
  46   8 130  65
  50   6 534  34
  11  18 654  28
  54  25 236  82
  27   2 201  68
  67  83 392 109
  43  66 538 110
  61  70 199  62
  70   8 526  66
  84  73 595 117
  99  95 384  67
  69  53 466  75
   4  96 154  76
9
  67  92 654   1
  31  89 458  90
  89  84 487  55
  77  65 254   3
  23  59 250  21
  70  29 249  42
  71   1 404  24
  79   1 592 108
  18  99 326  53
14
  90  91 524  57
  45  53 267 111
  99  25 421  42
  51  96 653 122
  80  14 231  94
  77  80 602   4
  32   5 540  60
   2  17 120  47
  15  45 573 126
  90  12 487  45
  73  41  86  57
  66  24 640  38
  78  99 543 104
  67  55 276  81
15
  40  57 384  90
  29  17 422  58
   2  22 451 105
  85  34 433  45
  46  74  84  34
  74   5 170  12
  75   2 442 125
  56  69 520  64
  89  96 539  93
  42  71 237  79
  51  97 182  39
  14  88 410 118
  74  60 322  44
   0  48 390 105
  43  75 211   1
2
  75  44 380  61
  14  13 388  41
7
   4  49 197   8
   8  88 153  40
  32  71 368 101
   6   1 528  98
   6   8 253   8
   1  54 585 106
   9   1 364  57
13
  35  50  69  24
  74  55 417  48
  25  46 622  59
  65  83 510  55
  86  96 138 109
  77  36 499  38
  38  53 470  89
  57  32 276  43
  48  92 379  58
  87  22 458  86
  48  13 116  59
  32  65 343  13
  34  19 540  70
13
  96  76 329  16
  80  38 597 102
  85  61 456  27
  87  26   5 104
  53   1 232  81
  74   5 107  15
  29  11  41  28
  16  96  41  46
  75  64 505   7
  41   8 113  35
  88  26 536  66
  16  27 567  32
  96  69 128  22
15
  17  46 635  48
  84  26 532 127
   0  94 231  81
  12  43 468  67
  51  61 133  30
  66  82 334  15
  58  83  83   2
  47  89   6 109
  92  64  30  51
  43  28 583  56
  46  95 119  25
  77  10 367  16
  36  28 530  63
  53   2 341  93
  33  11 175  86
15
  40  27 605  69
  90   7 540  69
  21  78 549  68
  36  17  79  26
  61  62 495  59
  88  85 368  39
  43   1  74  30
   7  65 579  47
  66  99 183  11
  11   8 469  85
  53  85 565  49
  52  41 193  75
  26  65 129  33
  60  14 196  72
   0   4 313  75
13
  61  21 356  70
  64  25 310 119
  86  72  26  73
  28  53 139 107
  75  80 108  80
  26  30 353  52
  88  72 236  41
  16  91 147 116
  90  29  69  13
  51  55 294  72
  70  90 256 113
  77  50 624  30
  27  52 615  25
14
  26  60 122  84
  50  73 598  82
   4  82 514  25
  25   7 193  47
  59  21  52  84
  96  16 666 110
  23   0  32  62
  81  11 259 111
  59  59 273  74
  65   9 223 106
  95  21 396  74
  47  73 489  12
  44   6 291  68
  83  40 333  83
14
  21  14 212  66
  46  54  48  27
  90  19 214  59
  69  15 101  83
  38  37  65  82
  34  81 329 120
  68  76   5  79
  11  36 156  19
  41  32 607  59
  55  39  92  42
  31  45 328  37
   5   0 349  56
  14  43 396  12
  19   0 553   6
3
  88  69 195 105
  79   6 303   1
   4  28 566 114
5
  81  50 269  13
  44  46 446 108
  97  85 352   7
  92  74 440  72
  70  68 331  87
13
  15  30 158  17
   6  66  48  67
  63  42 292  48
   5   7 273  28
  99  59 154  43
  99  38 300  77
  59  82 653  84
  59   9 175  72
  81  74 502  44
  41  40 550  27
  58   4 601  15
  84  15 444  63
   3  83 423  75
6
  56  18 263  15
  93   7 637  13
  30  96 416 128
  86  20 501  46
  56  37 116 103
  29  67 188  10
5
  39  40 152  92
   1  13 625 103
  76  89 646  31
  48  67 233  58
  13  41  80 112
10
  17  82 326  69
  10  16  91  24
  24  14 367  10
  98  23 284 127
  39  45 325  91
  48  68 630 102
  42  79 573  70
  38  64 137  59
  70   7 657   4
  75  81  12  43
1
   0  27 293  12
6
  23  99 403  79
  78  96 599 114
  95  94 602 113
   0  39  35 125
  53  46 249  51
  74  28 342  82
3
  61  24 170  66
  91  39 148  38
  67   0 479  91
3
  25   4 178  51
  18  81 417  28
  38  89 189   5
9
  56  62 466  87
  80  77  56 121
  99  32 357  65
  93  13 175  22
  33  24 281  38
  20  64 160 117
  14  12 147 107
   5  48 613  28
  42  61 651 115
8
  40  18 305  11
  41  33 220  79
  11  42 382 100
  56  43  78  24
  26  90 392 120
  77  49 564  16
  15  15 448   6
  11  24 444  89
15
  12  42  50  11
  16  95 444 114
   5  71 319  91
  16  97 110  82
  74  43 594 110
  83  79 287  57
  97  56 227 121
  13  33 188  20
  11  25 207 111
  41  27 571   8
  31  99 289 127
  95  99   9  50
  99  21 349 124
  55  35 444  72
  18  52 328   4
11
  66  84 339 127
  34  29  43  94
  26  16 342  28
  22   3 283   3
  94  45 501  32
  73  61 467  81
  22  20 629  36
  58  84 184 101
  36  24 142  48
  96  70 607  90
   3  22 450  94
15
  28  90 592 123
  18   0 297  55
  13  50 436  78
  37  34   9  75
  82  12 395 102
  75   3 611  66
  10   4 112   4
  52   1 456  91
   6  80 482  17
  77  24  74   1
   4  91 279 115
  12  41 578  92
  42  46 322  54
  77  69 282 119
  22  39  76 113
13
  35  16 513  41
  92  15 545  40
  25  98 480  20
  13  28 648  61
  54  86 453 101
  35  60 610  43
  24  36 158 107
  20   8 355  61
  96  55 134 122
  50  88 232  32
   4  28 497  89
  94  69 283  94
  35  48 262  14
2
  49  87 374 109
  69  77 532 104
7
   4  48   1  86
  94  79 565  91
  30  85 250  87
  20  87 529  48
  72  28  83  73
  46  32 243  64
  66   5 150  44
6
  85  59 473  64
  38  92 347 127
  43  41 399 128
  54  46 150  44
  46  78 132  31
  63  70 442  32
3
  74  21  90 125
  23  53 300 110
  59  62 359 120
8
  93  21 237   9
  96  65 105  78
  81  15 222 103
  96  84 517 107
  44  64 592  46
  80  30 543  37
  82  75 242 128
  20  16 627  60
6
  34  42  52  66
  58  84 171 107
  67  32 636 122
  77  44 319 126
  83  73 574  53
  76  26  62  28
1
  77  14 377  45
12
   1  81 293  80
  37  39 171  29
  54  54  63  79
   7  34 503  84
  10  48  99  34
  40  16 656 126
  44   0 419  57
  22  60 572  96
  96  23 564  49
  79  33 233  42
  73  85 409  39
  85  80 220  49
4
  52  59 286  38
  60   0 256  24
  81  23 655  73
  50  77 306  93
4
  59  82 614  79
  24  99 395   8
  97  44 282  74
  84  78 167  17
14
  83   5 586  84
  82  28 402 128
  68  79  87  39
  46  42 434  67
  25  37 646  22
  52  90 216  26
   3  89 551  78
  53   9 450  87
  32  37 509  41
  17  66 406  88
  40  37 215 126
  83  38  78  90
  38   8 450  38
  50  42 314  41
12
   8  61 344 128
  80  81  40 119
  21   7 602  21
  33  74 178  40
  94  83 467 115
  83  79 295   5
  29  76 270  51
  95  72 277   8
  50  55 363  16
   5  82 493 102
  89  78 459 118
  81  22 111  28
2
  23  79  64  34
  79  50 456  79
12
   4  21 556 104
  93  38 285  79
  89  82 278   3
  26  31 512  97
  51  30 529  13
  63   8 632 120
  48  73 259  26
  65  91 232  19
  34  69 329 105
  27  79 168  41
  98  68 368 115
  81  24 660 114
7
   8  84 349  80
  25  93 524  30
  26  11 450  82
  48  22 619  73
  57  69 657  19
  53  60 419  24
  15   6 529 117
11
  24  90 627   8
   4  17 161  49
  37  77 171  77
  33  74 302 110
  89  31 445  62
  91  28 110  48
  11   7  46  54
  31  46 521   8
  99  55 425  47
  35   3 139  16
  75  24 573  19
5
  25  68  75  79
  85  68 166 125
  71  86  63  66
  46  62  40 116
  84  40 142  73
1
  94  24 180  92
11
  69  35   1 111
  37  30 100  30
  31  46 425 127
  45  43 571 128
  69  46 625  12
   5  15 413  89
   2  96 300  64
  86  13 210  45
  43   8 657  86
  48  80 209  14
  71  79 516  73
9
  40  70 247  51
  57   5 128  95
  26  36 315 123
   5  18 253  27
   3  79 653  76
   2  41 297  25
  85  14 526  15
  46   0 654 113
  68  38  17  46
5
  57  72  44 116
  51  20 185  30
  25   7 406  65
  30  89 255  25
  44  37 525  24
1
  75  48 583  79
13
  21   1 604 118
  84  50 171  56
  26  82  88  47
  74  51 428  92
  17  84 271  21
  31  61 179  99
   1   6 231  65
  25  63  80 105
  90  99 597 119
  71  74 428  74
  32  49 225 106
  83  58  51  44
   7  53 391  61
5
  90  19 103  39
  25  14 111  93
  52  56   1  60
  44  69  49 108
  80  61 381  45
2
   3  93 229 110
  28  98  47 128
11
  51   3 302  81
  52  71 249  42
  33  44 536  98
  80  31 598 100
  97  72 500  16
  76  42  30   1
  68  51 577  87
  28  85 151  85
  12  32 392  96
  18  64 520 118
  25   4 639  27
15
  43  35 338  16
  42  31 455  50
  24  53 566   3
  90  20 484 123
   0  17 226  68
  88  41 261  58
  59   3 636  63
  55  10 117  20
  63  50 214  27
  60  58 638  22
  50  36  94  85
  43  93  14  65
  95  43 309  63
  43  35 257 121
  19  54 355  45
5
  66   5 309  81
   9  99 333   1
  41  49  16  95
  57  78 431  25
  11  19 190   2
8
  49   5 523  75
  57  40 448  76
   3  25 216  66
  88  80 484   9
   2  19 320 128
  95   2 135  44
  12  44 462 127
  44  81 364  55
14
  96  14 135  51
  45  73 470  39
  40  13 249  62
   2  83 458  61
  33  45 549 109
  52  23   1  33
  91  82  30 117
   7  55 512  73
  59   3  36  34
  46  56 151  90
  65  38 164  61
  43  67 531  83
  52  76 445  33
  92  56 480  37
3
  18   7 504 128
  64  91  83  31
  49  61 649  22
4
  45  27 127 128
  42  19 206 112
  68   6 112  65
  92  20 131  97
10
  18  89 238  88
  44  85  19  94
   5  46 619 117
  66  64 319 121
  85  41 456 112
  64  29 100  14
   3   0 163  58
  81  57  74  99
  82  99  87  85
  74  26 623  55
6
  29  55  28  70
   9  65 114 100
  49  90 381  39
  33  90 297  24
   4   3 208  56
   0  32  21   3
7
  93  72 174 111
  89  18 134  54
  47  88 352  63
  18  13 182  25
  46   2 293  16
  97   5 136  49
  27  51 470   4
2
  35   8 542 125
  59  44  16  65
2
  74  22 623 122
  99  71 412 106
3
   9  11 536  60
  15  14  66  91
  69  67  52  43
12
  10  76 520  36
  84  54 402  14
  75  70  73  49
  37  14  39 123
  16   0 224  20
  86  34 406   8
  98  76 321  60
  92  67 514  62
   7   2 430  51
  77  44 569  94
  62  52 139  81
  25   0  33 127
15
  62  81  99  81
  30  37  14 101
  92  99 181  44
  50  75 288  44
   6  75  11  34
  93  54 364 115
  76  63 346  26
  73  70 270  30
  63  35 390  84
  65  94   8  19
  20  57 198  82
  38  70 477   2
  97  44  91  20
   8  90 308  60
  41  36 295  69
3
   9  34 233 107
  27  31 418  99
  89  92 363  48
5
  34  38 591  37
  65  32 322  61
  97  16 112 112
  80   3 467   1
  95  39 365  46
7
  32  86 652 101
  20  28 392  53
  52  84 259  87
  82  21 508  54
  39  37 147 100
  94  83  20  39
  45  75 606  79
5
  72   7 356  27
   1  52 350  56
   6  23  74  56
  80  31 359  10
  87  36 174 106
9
  58  90 490 112
  62  25  15  32
  11  36 297  86
  30  82 295 120
  38   1 222 126
  35  47  40 120
   8  84 435  47
  43  63 150 109
  55  53 290  81
13
  10  15 500  55
  66   1 549   6
  96  79 136  69
  96  55 200  10
  48  39 385 105
  49  16 372  55
  67  17  64  67
  95   4 451  21
  98  57 386  70
  10  16 462  22
  79   6 108  91
  33  76 610  77
  29  33 212  76
2
  13  28 537  11
  19  30 628   4
10
  34  71 219  38
  79  45 445  43
  40  26 145  15
  99   1 442 124
  13  66 649  65
  15  15  13  86
   7  62  74  53
  88   7 322  20
  60  74 429  46
  37  91 103  63
8
  12  83  14  98
  87  92 154  48
  34  73 521  42
   2  46 305  10
  36  13 659  60
  95  34  92 114
   0  49 623 101
  54  12 107  50
2
  82  47 310  76
  17  84 107  44
7
  16  52 102 103
  59  22 506  14
  81  12 112   4
  80  27 605  11
   8  18 133  77
  42  56 253  12
  72  53  17  82
10
  14  44 376 120
  94   7 112  40
  71  42 603 128
  75  53 214  36
  67  72 286  40
  90  90 109  41
  31  76 411 113
   9   5 403 107
  71  23 133   8
  50  17 139 120
2
  35  84 262 120
  12  86 574  32
9
  96  16 611  30
  39  28 579  68
  93  39 513  20
   2  47 207  72
  15  85 599  10
  38  74 499 101
  33  65 150  75
   5  69 568  40
  13   1 580  43
12
   0  29 207  10
  69  27 427 116
  83  67 653  90
  57  47 115 128
  70  79 618   5
  84  69 523  31
  18  34 225  98
   9  12 182  40
  98  61 352  92
  40  67 593 120
  89  75 161 123
  77  46 579  37
1
  42  14 458  70
12
  84  91  50  27
  10  35 463  35
  92   3  93  32
  56  33 213  77
  37  42 340  19
  95  11 414  14
  87  73 186  41
  88   3 648  59
  92  25  79  99
   0   2 389  98
  91  93 254  96
  41  99 621  72
9
   5  82 647 111
  13  93  25 111
  22   3 431  80
  34  16  77  64
  33   3 114 126
  73  36  22  88
  78  52 331  85
  21  64  99 124
  62  26 137   1
12
   3  79  47 108
  27  91 206  12
  83  48 502  55
  87  98 385   5
  50  88 304  99
  70  78 621  45
  77  94 356  55
  49   5 566   7
  20   5  64  58
  60   0 215 107
  57  95   5  34
  57  96 259 127
5
   3  45 290  41
  37  33  62 114
  19  67 193  39
   5   8 261  45
  21  95 539  10
11
   3  33 181   5
  52  49 420 128
  32  88  62   5
  32  69 616  13
  91  94 297  34
  46  11  12 106
  53  71  75 102
  72  86 320 113
  51  75 188  32
  15  55 206  55
   8  47 424  61
3
  79  64 413  13
  99  56 462 127
  87  72  95   4
12
  16  71 496 115
  99  87 591 116
  72  24 502  74
  39  68  15 101
  69  60 136 101
  30  55 424  84
  50  49  50 100
   9  76 174 112
  16  25  50  85
  35  15 157  26
  82  59 182  95
  39  22 610  36
7
  21   9  77 111
  75  68 173 113
  82   6 345  18
  97  23 577 127
  58  15 646  34
  49   0 201  43
  93  12 151 114
10
  64  38 508  92
  81  32 376  30
  50  22  58  13
  33  97 240  22
  71  27 409  29
  63  81  32  26
  71  77 417  34
  45  28   7  79
  90  61 663 102
  10  71  26  39
5
   3  70 505 103
   8  35 558 126
  19  21 601   3
  21   8 286  76
  36  15 281  35
11
  74  26 486  61
  51  19 389  93
  31  49 451  55
  49  92  99  31
  97  84 563  88
  11  88  78  71
  96  77 590  13
  85  56 492 125
  82  11 527  99
  61  86  43  96
  52  44 644  39
3
  41  31 173  50
  93  15  26  91
  79   9 177 126
11
  13  68 490  22
  51   0 374  29
  43  34 388  70
   1  79 137  97
  51  90 476  62
  35  89  40  39
  77  57 387  24
   1  33   7  29
  32  67 650  72
  34  35  98 101
  18  77 178 123
13
  31  59 268 117
  45  38 461  22
  85  96  40  48
  18  29 140  63
  12  62 388   7
  21  40  43 123
   3  83 261   6
  64  17 428 105
  86  96 323  94
  37  31 129  27
  94  74 284 124
  11  64 573  10
  93  75  81 112
13
  94  54  63  61
  50  98 432  54
   2  75 592  59
  97  40 491 108
  25   8 512  14
  59  30 335  32
  93  50  30  56
  37  66 196  86
   6  31 573  66
  55  57  75  86
  60  57 331  74
  44  57 586  59
  81  69 580  43
1
  92  87  20 100
9
  50  87  40   9
  82  22 643  43
  12  16 600  80
  19  96   4  43
  82  68 646  62
   8  99 257  52
  21  59 552 117
  43  64   2 111
  15  93 482   6
6
  23  55 486  89
  78  34 104  90
  10   3 112 100
  68  49 254  99
   8  48 518  70
  20  19  42 109
10
   7  37 268  15
  54  75 464  13
  15  19 104  77
  38  31 397  10
  43  12 448   2
  52  32  42  52
  51  21 337  90
  77  37  36  60
  34  85 309  27
  60  88  71  57
4
  10   0 617  77
  52  15 650 104
  88  47 539  12
  87  70 517  99
4
  10  66 635  46
  17  36 153  13
  23  29 523  39
  93  83 192  18
11
  60  36 301 110
  56  71 235  21
   2   8  96  37
  55  27 348 109
  95  35 116  52
  78  29 431  19
  78  95 319   6
  32  76  57  12
  53  45 539  65
  37   9 109  17
  34  91 250 126
1
   8  97   8  40
7
  25  28 153  13
  12  30  88  22
  68   1 594  49
  99  32 588  55
  59  67 382  31
  69  28  59  99
  75  88 237  75
1
  35  71 500   6
12
  79  45 117  30
  18   0 392  86
  89  63 241  66
  72  78  15  14
   2  73 147  26
  66  80 518 103
  90  15 209 128
  28  74 578 124
  72   7 166  24
  13  42 257  45
  72   2 567  55
  97  44 276  57
15
  29  15 208   6
  92  68 395  49
  52  71 353  58
   3  60 385  73
  71  11 425 112
  85  38 311  16
  12  57 533 100
  76   1 503  19
  90  57 294  35
   0  82 554  80
  20   5 644  48
  21  23 270  62
  80  92 614 102
  90  17  69  60
  99  54 467   9
2
  25  39 454  81
   9  28  38 109
7
  85  68 527  73
  92  54 275 109
  43  27 591  20
   6  26 301  13
  87  32  59  98
  44  95 146 114
  85  28 413  69
6
  86  81   7  86
  47  54 571  14
  81  46 445  70
  64  21  24  34
  86  97 266 120
  29   3  77  29
6
  28  52 237 101
  24  18 212  60
   4  93 137  55
   5  77  21  75
  27  30 637  39
  11  95 311  85
6
  84  80 620  22
  43  84  65  98
  21  66  88  45
  87   7 607 120
  79  97  97  52
   4  17  77 110
1
  92  83 663  74
8
  11  23 322  92
  46  23  55 122
  41  59 496  84
  24  36 625  70
  78  88 394  98
  72  33 259  72
  22  17 515   3
  32  21 116  94
12
  28  96 514  97
  62  51 257 119
  47  27 472  74
  56  80 138  86
  74  11 595  57
  13  60 661  40
  15  19 273  90
   4   1  98  44
  17  32 284  48
  48  79 373  84
  66  47 271   6
  54  22 204  27
14
  70  81 161  51
  26  75 544  25
  69  33 409  43
  45  68 378   1
  10  41 227 119
  28  43  74 110
  16  90 436  22
  21  54  41 104
  16  91  95  45
  53  42  30  80
  57  74 616  70
  87  55 226  38
   2  97 443  74
  26  82 561  70
12
  68  36 586 105
  37  44 373 110
  20  24 455  78
  30  34 170  63
  47  95 188  37
  94  80 541 127
  75  32 615  68
  41  28 531  66
  55  62 321  54
  28  92 163  43
  73  48 282 104
  98  55  89  23
4
  36  76 520  79
  12  71 196   2
  65  29  75  48
  95  71 661  99
13
  70  91 232  19
  50  39  91 126
  91  84 173  24
  34  93 245  85
  14  63 331  44
   4  21 126 114
  79  34 285  81
  35  63 526   2
  52   6 437  56
   4   2 428  45
  20  47 158  48
  44   6 271   6
  32  10 602  47
3
  70   5 223  52
  52  79 407 107
   6  55  52 109
2
  62  18 440   8
  78   1 505  24
13
  51  28 635 107
  29  61   4  90
  52  17 544  27
  94  36 610 112
  98   9 647  20
  18  58 581 108
   3  49 539   2
  79  25 572  74
  46  82 198  26
  49  27 639  27
  56   1 251 110
  27  50 410 113
  73  26 329 111
15
  56  95  54  89
  71  81 489 109
  80  20  97  64
  91  83 128   8
  43  32 261  83
  26  79 187  18
   2  56 327  39
  20  97 124  41
  64  28  95  25
  22  87 666 104
  69   3 443 123
  29  12 627  60
  11  72  69  99
  26  89 156  25
  46  29 135  83
6
  74   0 384 119
  61  21 465  56
  64  35 191  85
  37  95 431  44
  64  11 147  65
  52   0 367  74
9
  59   9  29  27
  32  37 594  42
   5  31 535 110
  29   9 489  14
  35  28 132  72
  97  55 400  65
   2  46 550  73
   2  66 221  28
  78  61 566   6
2
  63   5 421 116
  38   0  46  46
1
  10  98 650  67
3
  67  12 281 127
  11  13 259 113
   9  77 169  92
12
  25  59  60 117
  85  30  86  95
  56  85  14  51
  64  26 148  39
   6  82 156  99
  31  14 575   4
  31  39 378  60
  11  12 609 107
  41  36 262  28
  63  78 481 121
  78  19  77  17
  61  42 520  80
13
  78  80 612 125
  59  46 150  55
   3  14 452  71
  17  22 406  71
  83  14 235   6
  62  95 498 119
  46  46 246  61
  96  30 622  48
  65  26 461  48
  28  24 401   7
  48  31 189  11
  32  17  57  60
  20  16 360  99
6
  41  61 456 112
  40  60 520  14
   0  71 319 106
   7  26 269  28
   3  61 269   6
  92  71 374  95
10
  71  62  21 104
  21  87 398 111
  95   2 583  45
  97  84 548  33
  55  32 409 119
  69  68 346  27
  66  55 192 102
  98  97 314  35
   3  21 371  94
  23  25 587 120
9
  74  29 481  76
  91  93 597  67
   1  53 291  19
  43  54 103  37
  80  38 554 114
  30  97 109 115
  22  17 256  78
  61  10  95 103
  65  36 164 107
2
  81  31 395  78
  36  53 222 102
15
  86  12 376  37
  99  26 292 111
  35  52  63  30
  72  27 571  55
  84  16 269 125
  63  65  30 108
   6  24 653  62
  99  97 501 116
  80  38 315   7
  62  79   5  62
  14  49 653  49
  66  39  48  39
  26   2 618  20
  65  89 400  29
  20  71 108  94
7
  31  56 379   6
  26  28 665 103
  51  31 239 116
  73  22 422  81
  43  44  23  85
  14  88 309 124
  72  84 316  92
8
  28  98 321  25
  94  90  40  23
   3  62 612  78
  49  47 238  69
  80  38 535  76
  86  75 142  73
  27  45 526  90
  82  56 501  18
14
  35  27  33  75
  22  96 182  18
   1  74 428  36
  71  40 480 120
  43  40 609  10
  41  16 355   8
  94  66 128  41
   9  14 569  24
  16  96 124  56
  50  38 623  44
  43  51 221   1
  49  66 165 108
  16  44  19  53
  61  57 247  30
9
  76  63  88 112
  15  39 592  86
  62  82 480  82
   9  58 449  82
  80  48 472  37
  78  96 464  60
   6  15  19  90
  97  66 259  46
   8  25  18  64
3
  19  24 552  77
  42  16 485   6
  49  78 246  41
9
  58  23  91  55
  65  23 117  43
  92  93 405 103
  70  22 263   6
  12  34 439  18
  38  70 554  93
  98  34 623  74
   4  24 538 119
  54  62 594 109
8
  82  42 591   2
  94  79 555  38
  37  31 541  29
  90  89 112 121
  29  63 199  74
   2  23 517  95
  37  58 458  31
  27   4 375  35
5
  37   2 562  51
  43  97 193 126
  74  27 629  16
   8  92  72  13
  99  74 206  34
3
  34  76 220  13
  82  99 303  75
  11  33 352  31
3
  67  85 639  91
  75  54 401  52
  83  96  35  84
1
  32  16  89   6
11
  31  34 154  34
  30  30 469  76
  62  63 665  35
  93  66 648  20
   6   9 355  69
  37  88  13  98
  44  71 533  80
  44   1 292  92
  24  75 460  66
  42  54 191  69
  35  56 378  73
15
  89   7 113  44
  42  30 216 127
  36  30 160 119
  46  35 559  71
  15  23 446 112
  13   7 256  84
  75  41 504 123
  29  30 255  15
  99  70 532  50
   8  93 359  79
  14  97 642  64
  33  12 117   6
  19   0 182  45
  88  84 638  39
  62  64 310 113
6
  35  14 538  79
  65  89 528  70
  86  89 395  80
  79  92 222  80
   2  43 138  92
  84  36  19  58
12
  89  23 209 118
  50  35 396  64
  61  64  35  44
  61  24 332 100
  77   8   1  15
  31  44 247 111
  46   8   9 124
  60  92 385  60
  92   1 137  78
  44  42 609  46
  69  57 489 123
  14  31 580   5
15
  79  98  79  16
  35  63 221  41
  83  18 632 111
  21  20 389  70
  19  70 395 124
  65  29 338  87
  58  57  97  21
  25  54 150   2
  52   4 293  28
  77  87 624  39
  82  12  94 125
  70   3 189  24
   2  41 359  45
  21  67 351 106
   6  31 551  53
6
  42  15 626  74
  55  28 226  80
  67  83  28  15
   1   6 296  10
  99  49   1  30
  91  96 169   2
2
   1  48 221  22
  53  38 265  47
13
  61  87   5  33
  31  18 634  16
  23  48 263  34
  91   4  94 106
  68  43 282  45
  33  38 207 126
  14  55 194   7
  10  82 295  86
  96  71 292  93
  35  27  92  67
  71  11 432   2
  25  62 586  34
   9  46 214  57
4
  27  38 583 109
  61  56 225  78
  11  10 221  63
  83  30 175  38
13
  80  16  91  50
  49  95 572  12
  93  58 259   4
  44  29 143 102
  28  97 533  13
  83  67  96  21
  79  24 221   6
  30  16 342 125
  11  10 131  37
  49  61 373 111
  47  42 102  79
  77  43 348  98
  43   6 592 104
6
   3  21 121 118
  14  16 431  32
  52  90 647  65
  66  54 579 117
  86  64 452  20
  20  40 651  94
11
  75  96  48  86
  25  48 431  72
  21  80 309  70
  18  89 612  97
  91  26 191  10
   4   6 492   1
  21   1 302  22
  54  77  83   2
  20  30  56 102
  43  46 317  87
   6  17 211  91
13
  52  15 215  31
   0   1 603  12
  58  57 506  46
  84  43 458  71
  33  58 370   1
  10   7 615  28
   7  44 294  33
  78  84 660 105
  86  31 280  52
  75  86 151  55
   3  85  25  10
  35  88 219  84
   9  20 449  14
4
  31  57  96  29
  70  51  99 112
  56   2  90 121
  48  18 621  53
11
  30  71 228  46
  85  10 113   6
   5  83 556  38
  71  85 632 125
  88  39 469  29
  53  93 404   4
  52  17 244 116
  64  27 153 108
   4  94 533  16
  33  89  59  29
  48  90 143   8
14
  44  60 448  65
  20  16 578  43
  47  83  66  71
  52  66  38 127
  64  12 583  15
  32  64 173  89
  82  79 436  71
  16  70 240 105
  61  12 552 120
  30  33  99  33
  84  29  28  38
  71  88 122  57
  53  35 377  10
  27  37 239  98
5
   0  41 498   1
  15  51 178  37
  98  99 169  87
  67  48 486   3
  57  23 649  95
13
  82  73 575 119
  76  82 161 104
  82  96 666  94
  34  14 597  38
  64   4 226 124
  61  14 558  25
  87  23  90  80
   3  11 383  85
   5  85 401  11
  51  33 606  63
  79  86  29 127
  78  14 359   7
  62  94 333  43
3
  45  32 603  93
  32  53 438 116
  19  98 313  60
6
  41  64 399 117
  39  71 242  30
  12  40 587  47
  74  35 165  93
  64  34 137  33
  16  16  26   2
15
  50  93 580 121
  21   6  51   8
  74  74 263 108
  73  24 609 124
  80   5 304  83
  36  68  58  61
  96  81  38  34
   1  81 359  94
  20  51 641  70
  19  41 377   1
  33  93 383 103
  88  59 467  27
  83  68 421 124
  61  19 347  37
  22  58 398  74
7
  17  52 152  20
  89  81 592  76
  34  51 226  19
  16  16 129   3
  60  75 243   8
  13  56 295  49
  79  86 172 107
5
  36  70 173  14
  59  15 374  47
  22  26 345  38
  44  68 169  76
  85  39 288  54
8
   7  71 583  20
  65  29 140  24
  62  26  67  13
  70  48 104 100
  39  91 417 103
  98  46 586  99
  23  27 339   7
  85  35 316  79
5
   7  58 274  59
  82  87 508  11
  17  65 250   7
  62  99 189   3
  45  48 619  96
3
  26  79 634  55
  41  43 260 123
  44   0 289  44
8
  47   7  75  20
  18  48 158 113
  78  54 455  71
  64  68 460  69
  61  63  52 107
   2  67 652  86
  58  53 382 101
  16  42 322  14
13
  11  72 518 102
  18  89  67  81
  81  83 552  33
  93  12 620  41
  51  82 248  67
   2  87 456 110
  88  11 554  63
  41   7 126  20
  11   4 462  60
  69  29  58  86
  53  51 219   6
  74  46 552  45
  81  78  20  33
7
  15  56   4  18
  78   6 551  79
  35  73 588 109
  49  57 203 128
  30  14 201  22
  44  94 460  62
  46  85 371  70
9
  54  68 541  39
  17  52 222 126
  93  73  91  30
  39  48 100   4
  96  57 418  83
  82  26 518  96
   1  48  69  38
  78  52  71 124
  32  32 445  76
1
  67  48 282  13
1
  42  36 341  58
2
  50  23 444  87
  41  28  71  32
14
  58  96   6  80
  99  36 521  89
  75  31 145   9
  76  76 219 106
  47  50 146  60
  55   1 277  64
   1  14   9  36
  83  96 610   5
  85  94 324   6
  66  84 621 122
  12  93  88 104
  63  40 332  16
  54  62 207  72
  50  61 335 112
1
  35   4 421  36
3
  34  97 485  17
   5  16  78  58
   6  24 354  62
11
  90  75 535  52
  73  53 351 108
  79  35 512  58
  45  35 393  98
  81  85 123 114
  32   2 154 122
  63  45 280  21
  59  99 345 100
  99  49 463 105
  21  72 309  85
  16  53 384  72
3
  32  71 411  41
  23  22 556 116
  15  63 155  28
3
  77  56 253  23
  59   4 291  86
  59  13 215 128
6
  57  75  24  82
  64  19 266  86
  74  69 108   9
   9  80 518   3
  38  39 651  41
  28  96 294  53
7
  20  21  76  40
  98  61 542  36
  38  43 568  55
  13  38 480  59
  54  59 381  70
  81  46 195  57
  77  21 361  81
10
  17  91 309  63
  15  44 575  16
  96  85 101  54
  97  39  56  90
  25  74  29  66
  32  22 467  73
  14  44 280 127
  78  99 408  73
  47  96   7 112
  84  62 593  51
13
  23  24 265  68
  76  36 606   4
  79  40 371  64
  91  57 609  45
  42  67 431  46
  17  66 291  28
  38  24   4  11
  26  77  23  84
  16   1  15  77
  75  44  17 100
  40   6 491   1
  29  31  95  17
  67  24 515  73
2
  55  42 455 107
  20  34  34  73
9
  62  12 340  97
  25  52 121  26
  73   9  95  20
  27  41 222  89
  27  77 156 100
  85  69 413  13
  49  45 611  89
  70  60 207 107
  12  84  91  24
5
  92  31 350  13
  71  88 170  11
  84  74 380  59
  71  84 436 106
  46  39 466 123
8
   1  85 329  98
  63  25 195  80
  69  52 145  97
  30  19 397  58
   4  81  93   6
  70  49 140  34
  23  41 607  34
   5  90 544  81
12
  95  75 507 128
  25  27 655  48
  87  99 355  71
   9  24 514  68
  27  78  19  99
   2  29 564  11
  81  18 319  83
  21  77 658  55
  69  16 277 118
  85  46 502  76
  10  24 372  88
  89  19 351   8
10
  51  11 576  95
  98  93 200  51
  59  92 219 125
  60  45 638  85
  24  55 289  82
  10  67 330  89
  18  89 378  62
  98  47 297  33
  93  49 303  56
  59  43 287  40
2
  52  29  60  36
  86  33 654  57
6
  76  38 331  38
   1  53 422  69
  72  32 401   6
   2  82 552  21
  20  48 115 114
  92   8 506 102
1
  94  40 279  17
2
  75  49 602  70
  85  82 414  89
1
  80  47 624   5
13
  55  46 148  95
  42  76 395  46
  18  35 371 109
  90  10 220  61
  43  46 444  47
   9  56 459  55
   7  17 256 108
  49  51 152  43
  33  56 538 117
  63  76  95  16
  65  34 292  49
   4   7 647  27
  22  47 476  21
1
  27   3 460 113
11
  13  50 127  59
  55  14 631 120
  24  40 588  89
  59  87 377  34
  81  55 604 114
   1  86  76  15
   9  57 613  19
  91  62 502  90
  86  56 347  84
  22  41  31  67
  56  98 192  80
8
  83  67  44  82
  74  37  91  56
  13   0   1  96
  33  42 571 121
  88  20 638 109
  63  14 575  78
  33  94 338  20
  73  27 242 124
4
  47  41 269  87
  35  38 469  10
  30  83 286   1
  82   6 559  26
9
   9  46  88   7
  84  98 101  23
  10  35 210 116
  18  56 295  95
  15  15 430  64
  44  36 480  42
   7  41 391   3
  71  47  80  98
  88  80 135  39
8
  16  75 398  63
  66  26 610  45
  97  66 588   2
  19  90 540  61
  88  58 548  26
  56  13 612   1
  62   6 601  61
  47  54  74  94
1
  66  80 366   2
15
  65  43 617  44
  47  98  74  78
  89  86 509  48
  21  58 188  85
  29  57 441  80
  43  76 193  46
  89  25 629  79
  28  35 404  30
   8  45  53  96
  69   8 378  39
  75  10 361 100
  84  48 457  54
  83  66 255  31
  58  79 663  97
  20   0 441  88
13
  66  51  93  60
  44   4 482 106
  14  12 196  56
  55  75 404   4
  94  49 515  89
  72  78 558  99
  20  63 308  49
  72  19  86 126
  36  38 175  84
   1  33 125  19
   6  15 616  40
  72  61 404 105
  33  18 450  44
2
  34  12 546  46
   8  71 571 126
9
  34  74  97 120
  69  80 431  37
  77  14 407 126
  20  20  84  47
  94  83 112  88
  17  91 664 113
  27  90  70  60
  43  30 346  77
  35  29 483  68
10
  62  26 488 107
  74  20 488  92
  98  50 233  84
   6  58  83  68
  64  49  28  52
  69  12 515  55
  63  20 554 108
  99  80 208  94
  36  13 527 105
  32  62 540  98
14
   8  53 435   1
  67  47 601  17
  38  85 404  38
  83  97 587 104
  82  72 223  27
  98  46 444  33
  21   7  61  17
  61  99 516  58
  65  70 652 102
  78  33 606  90
  56  16 189  26
  51  39  86 114
  70  85 584  95
  70  69 205  39
14
  20  15 151  45
  48  93 116 108
  68  65 170  56
  14  49 635 121
  78  91 297   1
  13  56  46  70
  64  99 625   1
  76  83 117  24
   9  48 193   7
  26  58 636  52
   0  47  64 125
  32  15 537 128
  56  10 295 123
  34  21 209  74
12
  42  96 393   9
  84  56 355  46
  65  63 583   5
  51  70 129  85
  37  71 613  74
  48  44 580   6
  35   1 447  94
  93  83  12  66
  23  36 242  47
  75   7 367  16
  38  93 436  43
  54  90 260  18
8
  68  27 340  14
  39  85  60  64
  16  64 187  41
  87   6 271 124
  90  90 288 123
  12  53 647  30
  26  29 256  40
  98  63 234 102
9
  17  66 281  43
  79  98 502 120
  32  87 167  31
  53  78 259   9
  86  94 155  65
  69  97  89 106
  22  54 662  52
  33   1 218  92
  31   3 286  40
14
  67   2 469  98
  23  39 501  58
  37  40 431  21
  97  62  31 112
   3  37 414  13
  95  94  18 127
  83  70 377   5
  36  12 368 124
  61   3 419  85
  21  85  93  30
  29  58 614  87
  83  27 646  76
  94  87  43  37
  40  41 392 120
9
  65  48 530   9
  54  29 561  16
  33  59 660  72
  57  24 579  85
  16  12 434   8
  96  72 611 121
  68  24 286  72
  72  34 267 101
  27  90 239  32
12
  62  10 200  28
  76  42 595  33
  73  67 542  69
  64  54 334  45
  27  99  47  61
  42  87 254  51
  88  82 483  78
  21  59 590  11
  86  36  14  27
  37  62 463  86
  98  11  67  31
  25  62 162  46
10
  80  98 103  82
   4  86 233  13
  35   6 253  75
  58  77 572  82
  98  76 554 124
  12  32  62  51
  41  29 143  53
  57  13 458  93
  51  89 302   4
  82  55 220 108
4
  93  90 296  18
  62  12 382 104
  42  92 169 114
  24  19 209  43
10
  77  41 595  49
  19  92 653 102
   7  46  19 125
  99  73 565 115
  43  46 261  35
  41  72 332  79
  58  35 564  26
   2  44 247  39
  62  80 222  81
  89  81 135 122
3
  79  54 566 120
  40  74 215  23
  13  70  70   1
15
  51  13 118  76
  69  15  18 114
  37   6 600  26
  94  62  94  38
  82  74 475  18
  99  56 486  70
  49  51 305 120
  34  95 264  11
  61  37 601  73
  16  30 329  72
  13  54 541 108
  64  59  51  12
  95  98  76  19
  70  94 241   8
  73  71 503  31
1
  74  99 564  63
2
  42  48 338 125
  56  30 494 107
7
  78  76 375  70
  22  76 492  43
  23  68 326 121
  10  94 307  58
  32  69 524 110
  21  44 178  80
  69  75 385  22
6
  55  34  12  92
  75  33 359 106
  75  27 612  37
  94  13 523 101
   6  28 224  26
  14  93 171  62
13
  89  47 471  79
  38  72  75 106
  70  52 344  63
  72  62 120 126
  57   0 211  47
  30  54 362 116
  35  27 587  28
  72  44 277  46
  75  13  35  23
  70  65 301  17
  82  40 654  90
  55  55 419 113
  99  12 624  25
13
  30  77 197  43
  51  35 502 102
   5  25 354  38
  59  21 223  26
  87  28 152  23
  38  36 386  48
  25  34 232  55
  73  28 249  84
  73  55 384  77
  36  25 311  79
  75  93 365 123
  77  34 334  32
  42  16 471  43
11
  43  43  37 125
  52  50 380  15
  58  16  18  42
  21  33 637 103
  73  23 422  28
  81  80 619  39
  98  40 430   9
  78  24 659 111
  84  74 388  51
  37  89 339  49
  78  96 128  53
15
   2  18 198  46
  24  68 367  63
  34  60 585  57
  80  60 460  79
  54  98 321  52
  37  43  99  65
  81  37 111  12
  57  80 180  21
  45  59 596  44
  67  70 431  44
  28   1 341 107
  28   8 338 118
  16  83 479 125
  16   5 307 101
  35  97  89 111
8
  28  81 185  46
  36  23 373 121
  31  70 298  37
  10  24 525  49
  64  14 224 119
  14  56 535  77
  82  72 307 113
  51  44 346 110
7
  56  12 128 114
  50   4 549  56
  20  46 424  35
  65  78  39  85
   5  53 399   7
  75  93 600   3
   3  48 156   8
13
  31  49 444 112
  71  38 592 100
   1  93 321 103
  43  65 422 103
  85  65 271 128
   6  87 135  32
  91  50 443 116
  62  15 452  76
  87  93 547 109
  88  10 534   3
  58  89 604 112
  11   1  56  33
  25  48  27  34
7
   2   4 544  60
  86  65 360  54
  31   2  30  91
  56   5 482 118
  58  80 100  80
  89  78 225 103
  61  79 186 108
2
  87  29 573  97
  58  21 610  52
12
  62  75 632 124
   9  55 649 109
  89   2 372  94
   0  79 559  62
  57  93 543  11
  38  13 234 100
  95  97 479 105
  33  43 170 110
  32  47 449  45
  76  41 357  96
  83  17 384  14
  62  35 261  97
14
  63  53 304  17
  88  79 618  29
  96  62 419  97
  40  76 622 110
  48  59  88  19
  50  62 232  59
   0  34 536 109
  12  70 495  65
   7  76 540 108
  59  95 374 128
   3  55 106 123
   2  43   9  65
  47  51 487  42
  45  49 186 118
8
  83  46 314  96
  95   6 309  48
  94  14 542 111
  22  28 370  46
  65  31 560  82
  81  10 484  20
   1  23 184  81
  94  63 629 108
14
  20  37 141 102
   2   6 447  37
  72  15 369  91
  64   5 564 101
  54  91 631 113
  37  90  79  89
  68  96 299  96
  17  86 602  60
   9  37 142  10
  10  11 422  53
  28  34  97  77
  84  92 460  13
  89  38  76  42
  59  79 654   5
4
  70  80 250  16
  93  43 156  10
  82   5 364 103
  43  30 350  73
1
   3  89 636  51
9
  92  34  49  20
  62  23 354  71
  72  41 442  53
  17  22  52  14
  61  22 313  13
  76  76 287 123
  92  87  29   2
  71  36 429  73
  87  63 501   9
5
  90  81 234  88
  53  15 418  79
  92   9 385  44
  45  86 207   3
  77  78 554   4
8
  59  44 138  20
  36  33  19   5
  64  75 655  52
  12  59 418  20
  17  44 493 117
  96  75 647  99
  89  47 661 103
  74  91 550  12
10
  64  47 470  64
  44  79 382  99
  27  51 313  91
  23  11 564 128
  47  49 497  96
  28  74 491 101
  22  31 584  30
  42  97 120 116
  12  58 627  23
  41  56 373  76
14
  75  97 245  76
  64  86 207 128
  20  20 563  99
  75  65  91  29
  37  30  63  37
  85  80 102  62
  25  16  47  40
  12  63 388  94
  12  39 583   2
  55  28 479  18
  76  75 345  33
  33  51  81  30
  73  70 463  21
  94  58 335  88
5
  35  52 101  15
  96  16  35  92
  34  81 556  21
  10  50 195  94
   7  11 111 128
15
  18  15 637 105
  76  73 223  94
  93  54 493 122
  40  28  13  77
  87  96 509  39
  45  49 293  98
  10   8 284   1
  18  92 213  47
  29  36 212 125
   7  57  98 115
  57  52 171  62
  60  98 177 103
  18   0 217  30
   9  64 624  86
  82  72 413  49
5
  23  56 657  97
  50   9 313  41
   7  35 633  56
   5  61 376 109
  89  14 473  40
10
  48  23 323 105
  52  73 238  33
  69  68 660  70
  64   9 592  15
  73  59 162  46
  92  46 382  28
  58  87 406  65
   1  84 153   6
  27  50 178   8
  11  31 632  79
5
  42  70 231  96
   5  47 237  47
  17   4  72  31
  22   1 309  32
  64  39 631  80
7
  42  56 100  45
  21  17 123  59
  46  72 395 103
  71  40 135  73
  39  69  43  31
   3  58 195  23
  51  38 491  92
14
  65  15 127 123
   6   3 247 105
  41  20 533  72
  15  26 526  65
  57  81 194  52
   4  12 581 111
  62  95 322  11
  60  37 634   6
  55  25  31   8
  42  61 616  59
   6  35 395  42
  60  73 630  30
  80  18 251  19
  56  84 521  99
3
  31   2 279  93
  11  30 293  24
  21  26 486  85
14
  55  32 191  97
  61  69 558  61
  64  15 216  87
  48  94 490  85
  19  80 638  74
  60  26 644  58
  78   0 613  54
  36  29 284  33
  40  91 466  80
  41   1 283  56
  56  57 238  41
  60   4 380 123
  43  79 202  59
  94   3 143  49
2
  28  12 507  72
  67  80 597  90
12
  73  52 263  33
  12  42 425  80
  60  15 252  89
  96  97 634  30
  60  54 191  89
  20  67  29  65
  14  26 469  75
   0   6 194 109
  62  73 559 120
  62  26 289   7
  38  74 422   6
  62  34 489  59
13
  43  18  67  94
  38  10 589 115
   9  66 113  69
  92  16 455  51
  59   2 583  16
   1  32 651  97
  63   7 499  72
  46  37 353 110
  86  41 192  97
  14  76 170 102
  10  75 251   9
  56  55 411  21
  35  67 316  75
10
  70  65 347  33
  18  27 639  81
  24  14 126 122
  18  73 652  96
  24  46 438  34
  59  88 194 120
  21  85 555   5
  64  95 597  13
  57  86 267  98
   9  27 343  49
7
  94  58  48  54
  98  24 524  24
  84  13 423  20
  37  48 321  89
  34   1 383  67
  30  95 662  58
  69  22 441 108
7
  69  73 266  77
   0  80 296  24
  43  28 124  36
  21  84  53  29
  83  83 596  18
  43   0 598  99
  69  98 425  50
9
  33  37 464  21
  45   4  59 107
  18  41 610  56
   1  14 397  18
  93  14 272  21
  88  71 196  99
  32   5 313  15
  37  37 387 114
  57  70 665   4
1
  83  24 450   7
14
  60  32 517 107
  36  96  80  59
  22  38 645  55
  11  88 595  99
  62  90 556   5
  64  88 362  91
  86  91 230  28
  95  34  71  70
  21  56 125   4
  26   9 501  60
  29   0 206  43
  60  92 333   8
  40  22 355  43
  35   5 175 105
12
  74  37 488  53
  77  73 208 108
  45   5 625  54
  55  19 310   1
  71  43  91 116
  27  17 360  54
  91  83 263  34
  15  79 591  80
   2  89 652  24
  95  32 404 111
  65  40 626  22
  51  21 412 109
6
  71   5 585  61
  54   0 371  25
  38  69  74  73
  92  82 203  48
  40  46 281 126
   5  50 318  21
14
  40  44  14 100
   3   8 147  73
  98  47 390  38
  27  66 568 100
  58   2  27 115
  27  83 327  59
  85  95 263  77
  45  70 198  87
  59  86  97 115
  84  62 625  28
   9  34 210  43
  84  36 329  71
  99  42 271  54
  28  26 138  41
14
  27  31 470 115
  50  57  58 128
   9  73 141 116
  91  87 224  83
  96  53 260  41
  76   5 246  78
  61  60 106  12
  57  66  92 104
  90  36 491  39
  90  92  13 112
  97  51 338 107
  18  88  94 127
  25  67 373  49
  67  53 533  12
15
   7  65 213 119
  96  13 247  67
  57  23 380  44
  64  71  48  36
  60  91 357 110
   3   0   2  86
   1  38  12 121
  97  82 466  64
  36  56 344 126
  33  32 412 119
  24  42 417  90
  90  41  70  66
  95  50  29 123
  22  50  99  18
  15  75 151  81
9
  57  35 143  58
  41  79 352  53
  64  18 511  89
  71  37 650 127
  68  57 603  41
  85  61 583  19
  95  69 508  91
  20  93  83 119
  72  29 629 109
15
  24  12 524  89
  79  82 361   5
  97  15 444  38
  67  28   4   8
  36  22 158  33
  70  46 106  19
  94  22 257  15
   7  98 403  48
  91  31 153 108
  60  70 174  95
  34  57 622  64
  25   1 374  33
  40  61 510  75
   6  62 528   9
  77  53 521  95
14
  18  38 264 120
  34  60 578 101
  41   5 641  45
  71  18 142 127
  68  26 380 121
  63  64 393  37
  17  93 340  14
  79  96 136 105
  76  97 105  93
  19  10 539  24
  64  61 578  15
  51  88 648 115
  30  71 239  75
  65  93 656 109
14
  10  86   2   4
  17  18 167  16
  73  32 495  52
  24   8 305  34
  96  83 309 106
  78  70  99  93
  44  63 223  94
  84  55 335  82
  46  94 246 124
  23  63 193  56
  16  96 253  44
  69  92 195  89
  93  65 350  70
  22  72 210  90
10
  15  36  44  52
  15  31  68 107
  32  75 332 120
  93  43 309  70
   3  97  66  59
  31  84 241  20
  70  44 426  36
  84  61  68  90
  12  52 158  19
  38  27 350  95
7
  52  61 547  67
  76  99 581 122
  21  79 159  96
  15   4 225  43
  26  65 371  16
  85  64 444 100
  40  55  35 110
1
  67  10 240  30
1
  13  77  91  91
6
  54  92 314  33
  21  10 551  82
  87  86 344  94
  61  51 588 109
  37  17 390  46
  93  46 329  56
13
  46  66 432  74
  40  78 104   2
  25  46 487 124
  32  87 436 100
  44   8 429  38
   5  89  93  67
   1  88 216  76
  90  35 458  34
  14  88 519 106
  56  54 254 106
  46  33 421  92
  24  78 531 104
  25  69 478 116
15
  37  48 409   3
   4  63 562   8
  91  45 282 114
  61  76 652  15
  66  12  25  23
  38  86 266 110
  80  37 567 114
  42  89 323   8
  63  31 128  45
  80  68 427  36
  94  23 580  97
  43   7 202   2
   0  61 120  36
  76  90 180 107
  45  56 424  91
2
  39  34 250 119
  17  30  36   4
3
  85  35 220  79
  22  84 639  24
  20  46 124  76
13
  56  14 339  65
  31  65 321  35
  21  23  52  56
  37  71 493 123
  85  99 125  60
  39   0 390  16
  41  46 664  18
  53  65   2   6
  77  10 306  92
  61  60 104  94
  96  34 200  51
  97  33 358  98
  73  34 586 111
6
  61  91 340 127
  82  34 393  80
  33  73 125  22
  77  58 103  91
  50  71 354  60
  63  32 202  11
14
  15  90 358  42
  52   1 323   8
  40  15 610  92
  85  41 617  10
  26  87 149  56
   4  41 477 102
  55  62 562  96
  56  60 349 100
  26  71 351  52
  65  78 648  43
  85   5 431  57
  67  23 100  21
   6  93 249  38
  14  63 593  36
9
   3   5 392  30
  83  43 385  58
  58  45 316 106
  94  46 322  57
  67  38 499  37
  69  93 288   8
  89  96 170 112
  92  19 138  47
  14  47 102  53
3
  12  72 544  15
  58  12 622  72
  17  78  19  42
7
  91  53 141  99
  94  42 383  27
  65   5 180  47
   0  90 211  18
   5  43 240  81
  89   0 170  91
  77  70 215 116
8
  64  35 656  25
  87  10 191  91
  81  33 452  13
   4  34 103  55
  22  60 502  50
  89  76 187  59
  29  60 428  91
  28  18 118  53
15
  83  44 411  34
  12   3 564 128
  19  26 192  65
  58  12 454  88
   9  40 559  64
  32  80 324  80
  30  20 234 110
  84  44 149  64
  48  67  18  50
  41  12  85  69
  31  12 227  16
  13  41 101  78
  77  74 399  75
   9  62 201  40
  94  39 279 128
9
  25  76 269  21
  20  49 563  22
  26  31 409 113
  82  48 319  43
  42  97 176 109
  94   9 491  12
  23  61 331   5
  46   6  71 111
  84  23  43  75
3
  67  50 147  49
  54  25 293  80
  41  62 587  37
8
  17  83 248  45
  36  36 129  96
  53  44 193  92
  67  39 546  21
  23  91 198  36
  31  62 261  60
  96  12 207  69
  86   5  70  91
12
  12  61 253  33
  90  59 325  73
  29  86 227  75
  56  96 522  32
   7  59 256  53
   2  95 198 103
  60  85  24   8
  36  47 320 125
  71   1 225 100
   9  61 539  59
  84  38 226 114
   1  41 188 109
9
  95  44 255 109
  46  50 150  36
   7  94 230  37
  70  35 221  75
  48  33 337 128
  19  77 121 121
  67  24  78   5
   7  78  44  75
  40   2  53 122
2
  68   5  51   6
  66  30 258  61
11
  85   6 331 105
  31  79 465  15
  26  44  17  11
   9   3 588  20
  12  32 175  83
  18  17 162 113
  24  50 582 108
  20  24 149  84
  24   5 505 103
  63  55 650  82
  28  89 349  38
12
  32  61 543  25
  75  12 500  55
  32  86 661 120
   0   0 207  85
  69  23 169 103
  62  82  60  54
   7  59 168  76
  30  10   9   3
  52  62 606  39
  39  79 385  29
  40  24 155  29
  67  92 315  81
7
  67  73 655 128
  19  22 425  59
  39  57 562  44
  62  69 548 112
  27  58 232  34
  23  35 225  14
  50   3 466  31
5
  62  87 261  11
  59  84  19  76
   9   7  32  61
  99  48 213  21
  93  52  59  69
8
  14  22 343  84
  77  41 115 110
  48  51 252  71
  54  20 503  41
   6  34 282  59
  37  18 640  39
   5   9 169  48
  54  77 531  99
14
  52  78 155  81
  27   3 292  43
  25  27 428  52
  55  75  64  76
  10  45 354 120
  74  53  77  69
  98  48 185  72
  91  51 263  32
  41  44 282  24
   0  68 208  94
  78  25 642  95
  47  85 277 121
  90  57 447  95
   8  16 293  46
3
  71  11   3  49
  91  98 442  90
  50  80  76 100
8
  57  54  91  61
  19   9 209 115
  42  50 498  70
  53   4 558  34
  30  70   5  24
  42  39 532  72
  82  93 529  32
  46  41 500 119
6
  81  34 384 108
  60  14 441 122
  71  50 493 113
  40  46  86  53
  18  79 197 126
   2  61 665  73
13
  84  15 410  28
  19  31 186  60
   7  84 417  18
  34  63  77  91
  50  46 319  31
  13  75 315  58
  40  33  43  27
   3  59 653  60
  20  87 433 106
  43  39  24  74
  10   2 564 104
  66  96  17  73
  41  16 166 113
15
  42  47 500   9
  80   1  74 125
  25  85 385  24
  63  19 301  81
  21  46 599  34
  34  41 659  53
   0  91  92  46
  72  29 357  77
  32  66 176  96
  67  12 358  25
  68  45 645  93
   5  83 115 105
  46  78 392  27
  47  81 304 103
  59  47 397  48
4
  57   0 484 121
  20  26 277  98
  98  44 130  17
   6   6 189  95
11
  94  77 389   1
  16  66 302  20
  17  40  42  87
  95  45 401  53
  84  96 664 125
  26  33 655  86
  25  69 452  26
   6  73 230 107
  99   0 525  41
  91  15 517  50
  79   8 510  28
5
   8  60  23  18
  91  41 291  55
  65   4 123  78
  16   7  22 122
  56  80 278  63
3
  46  36  32  64
  28   5 380 101
  65  34 500  60
3
  36  73 149  87
  87  56 466  76
  31  20 458  45
7
  83  94 333  88
   1  13 438  90
  29  61 638   9
  52  94 523 123
  57  46 568  94
  56  92 617   6
  35  80 244  79
8
  59  27 324 116
  20  72 169 108
  13  44 463  44
  39  31 325 120
  44  56 122  77
  64  45 409  66
  90   6 148  51
  44  42 493  70
12
  83  86 100  66
  53  11  91  80
  29  92 557  48
  90  49  76  20
   6  71 218  21
  43  64  20   3
  88  76  29 119
  21  31  33  17
  55  57 636  64
  78  60 209  36
   3   7 572  61
  24  45 522  89
2
  56  49 291  13
   5   2 325  84
5
  73  41 545  51
  36  42 154  76
  84  56 524  17
  55  37 225 125
   0  16 187  72
11
  72  33 374  68
  31  16 121   2
  43  73  14   2
   0  23  13  68
   9  24 118  89
  68  57  33  45
  24  76 108  95
  56  26  71  94
  22  80 544  34
  81   5 554  76
  69  24  99  75
4
  11  20  72  16
   6  79 307  38
  56   4 574  44
   4  90  93  60
7
  31  66 182  63
  29  80 384  65
  19  60 191  83
   9  18  29  65
  43  55 286 126
  64  34 202  85
  49  91 260  42
14
  97  83 366  92
  35  73 613   2
  17  77 223 123
   7   5 497  47
   0  68 241  32
  86  13 478  54
  88  55 106 126
  68  73 377  33
  37  17  28 105
  22  72 479  80
  11  39 551  97
  65  18  67  63
  88  66 411  99
  98  74 474  50
6
  38  32 156  47
  21   2  69  13
  59  97 189  22
  14  56 184  17
   6  13 114  91
  27  68 137  66
4
  83  31 475  57
  17  17  64  43
  28  82 112   9
  50  50 504  59
3
  17  23 583   2
  42  88 356  70
  60  24 108  88
9
  56  88 345 114
  20   0 650  56
  18  28 405 121
  58  22  21 101
   2  20 365   5
  35  31  70  83
  59  75  86  35
  75  68 352 103
  59  83 305 108
1
  11  12 638  92
12
   4  49  11 119
   2  31 324  31
  75  92 444  29
  43   1 193 125
  53  30 366 106
  61  10 631  31
  28  97 342  10
  80  40   1  26
  63  84  72  53
  75  65 116 112
  21  50 548  13
  69  16  68  80
5
  85  32 509  68
  22  82 509  77
   3  71 271   8
  92  36 110  99
   7  75 504  73
2
   0  26 305  31
  97  52  24  90
11
  91  53 253  55
  15  89 626  14
  83  26  55 120
  23  38 429   4
  47  22 143  17
  46  97 580  11
  30  79 359  26
  12  61   3 111
  10  55 223  58
  67  26 217  76
  64   2 335 125
8
  19   5 278  53
  53  57 409  55
  52  22 238 115
  14   6 503  19
  31  43 569  62
  18  39 269  59
  84  47 165 109
  52  16  50  57
1
  74  64 556   6
8
  91  87 479 110
  34  44 216  85
  83   4 526  69
  32  37 127  90
  96  90 194  90
  22  59 411  50
  82  43 612  63
  95  14 630  59
8
  27  77 656  95
  44  67 194  40
  98  37 160 125
  62  47 578  45
  17  67 360  24
  68  24 194  59
  54  46 117 110
  26   4 488  97
13
  97  15 429  66
  76  65 251 122
  23  69 528  82
  10  86 568  44
  40  69  91 127
  38  25 404 121
  80  62 298  84
  69  13 344  92
  68  66 433  96
  42  97 324  17
  65  65 257  43
  51  28 166  42
  39  43  78 104
7
  52  73  54  13
  85  39 162  77
  99  80 307  83
  61  91 649  47
  67  12 312  30
   6  68 404  27
  54  65  49 110
1
  38  36 663 122
3
  27  71 587  37
  99  88 448  28
  80   0 185  97
2
  17  88  68  50
  74  37 456 109
6
  25  29 204  62
  35  61  23  49
  62  69 232 120
  16   4 364  21
  40  83  29   1
  42  90 344  65
12
  96  68 197  84
  75   6  28  29
  99  24 292  54
  45  90 220  89
  69  25  44  13
   5  10 505  34
  40  82 399 106
   3  91  81  61
  74   0 464  75
  80   1 555  24
  37  31  48   6
  69  34 280  17
9
   5  39 665  60
   3  34 516  97
   7  47 425   8
  25  97 636  26
  61  32 568  24
  50   2 361  61
  16  38 566  52
  84  95 258  82
   2  90 581  39
4
  51  14 520  25
   8  16  50 114
  93  11 358   7
  37  18 453  34
9
  58  69 285  65
  96  66 545  86
  20  34 113 119
  28  97 607  31
  58  85 203  45
  10  80 132 101
  80  35 395  45
  60  58 406 109
  58  70 294  46
7
  56  51 653 105
  59  27 329  78
  21  95 646  74
  85  89 588   9
  60  41 212  67
  60  52 292   8
  58  69 493  72
10
  34  23 528  77
  58  23 214   7
  65  83  83 127
  35  57  29  83
  45  21 475  91
  60  32 146  96
   1  91 659 118
  42  88 380  31
  19  76  16  77
  53  29 589  43
9
  69  68 389  98
  74  15 275 101
  11  62 430  34
  90  48 523  54
  67   4 301 103
   1   4 203  27
  78  95  46  15
  69  17 345   9
  99  39 510 124
14
  19  71 556  39
  10  17 253  92
  32  76 142 127
   9  22 604  12
  74  35 332 124
  19  31 173  60
  20  90 541  32
  98  14 588  28
  50  69 322  60
  53  12 141  68
   8  38 197  34
  87  69 325  61
  59  14  98  97
   6  30 614  12
11
  62  89 557 126
  81  77 236  61
  99  52 637  97
  81  44  27  21
   8  69 416  45
  83  96 579  55
  67   6 478  79
  59  65 473 107
  35  73 515  36
  53  17 388 126
  23  52 342  84
5
   6  27 563  62
  82  32 221  78
  92   4 361  33
  35  30  21  67
  47  78 630  90
13
  82  65 135  38
  50  56 159  54
  76  51 136 113
   3   2 324  40
  57  87 517 122
  68  80 594 117
  50   9 312  10
  62  65 605  50
  98  97 233  17
  51   0 226  20
  55  27 258  17
   1  58 446   1
  14  11 371  58
5
  10  39 571  72
  52   7 630  17
  41  53 296  63
  23  20 410  79
  54  64 270  24
6
  82  32 475 128
  30  32  38 120
  50  73 428  32
  94  46 128  65
  64  52 403  83
  54  82 516   4
6
  22  36 304  19
  81  93 642  56
  76  53 548  52
  21  44 338  60
  44  73 633  98
  90  87 276 121
3
  33  17 633  48
  10  91 372  73
  10  25 152 104
15
  12  38 128 112
   6  47 271  59
  44  52  55  12
  40  64 291 114
  80  91  37  47
  92  33  59  50
  33  64 514 105
  31  44  91  89
  74  95 594  13
   4  80 304  54
  56  48 313  68
  66  96  21 101
  62  47 190  65
  88  54  91  89
  99  73 155  36
10
  53  61 634  75
  73  86 106  39
   3  77  97  64
   7  31 548  71
  73  11 334  11
  80  93 376 117
   2   7 520  21
  77  51 106  76
  20  82  79  91
  70  94  81  32
3
  56   4 590  88
   6  90 530 113
   0  54 175 100
8
  46  91 235 108
  86   5 411  52
   9   3  66  52
  14  81 555 121
   2  37 436  70
  63  11 530  28
   0  38 408  85
  14  57  81  28
4
  98  10  44   5
  18  77   5  43
  58  38 599  64
  14  87 243  36
2
   4  86 151  38
  67  25 527  58
8
  67  32 470  22
  94  80 293 113
  60  43 584  96
   7  99 263 118
  91  11 125  37
  51  85 283 118
  61  80 492   7
  20  35 266 128
9
   0  45  34  64
  19  83 226  89
  29  36 254  71
  17  85 640  63
  10   2  22  27
  55   0 174  47
  84  22 408  38
  16  44 309  10
   2  68  60 119
10
  47  63 244  32
   4  93 367  26
  59  10 201  55
  69  25 307   5
  38   6 403  93
  97  87 623  68
  76  79  64   4
  27  57 246 117
  63  26  10  71
  47  67 405  82
3
  53  99  19  10
  16  26 337  20
  69  19 631  84
14
  48  58 431 113
  90  81 265  30
  88  63 217  63
  19  60 264 100
  91  48  40 121
  14  74  87  19
  48  93 141  61
  30  51 472  78
  52  30 304  20
  10  95  20  69
  99  98 165 112
  72  18 516  92
   0  63 291  19
   4  66 210 109
3
  23  45 563 125
  17  94 126 104
  21  65 360 102
5
  25   4 111  72
  37  36  53  20
  35   8 229  89
  61  76 209  51
  41  21 357 122
4
  42  85 278   5
  83  41 216 103
  36  58 468  53
  40  56 360  33
13
   1  14 283 122
  75  34 548  88
  43  88 374  83
  61  91 625  37
  78  27 372   8
  14  46 383  44
   8  58 314  13
  36  80 189  28
  61  90 345  99
  29  89 367  64
  11  72 308  72
  58  73 272 128
  76  89 313  86
1
  22  87  81  16
15
  75  99 544  84
  40  74 223  83
  64  16  12 104
  35  93 156 108
  99  51 137  23
  20   4  23  20
  18   7 216  93
  54  19 159 123
  97  81 108 116
   8  89 466  94
  52  25 318  22
  47  39 485  25
  22  98 187 120
  74  42 269   7
  32  93  54  26
14
  83  31 635  69
  75  16 257   4
  75  16 130  27
  20  96 169 115
  50  11 472 120
  48  96  66  10
  81  73 502 108
  80  64 192 109
  15  64 432  68
  94  42 429  65
   7  69  35  10
  85  80 358  47
  58  35  24  81
   8  58 485  10
6
  41  71 596  92
   1  36 530 103
  48  77  68  60
  51   5 572  78
  10  29 584  18
  40  23 488  14
3
  91  86 204  62
  67  74 508  55
  16  73 276  21
8
  52  55  26  52
  37  24 520  24
  34   2 152  33
   2   1 344  92
   9  87 304  76
  83  39 349 103
  20  48 401 110
   7  24 451  25
3
  81  79 266  97
  56  85 229  12
  21  36 634  43
8
  26  28   1 111
  60  56 187  22
  53  19 480  14
   6  69 646 111
  73  38 116  55
  68  61 586  25
  28  90 582  86
  44   1 364  26
7
  51  45 177  58
  92   8 614  35
  79  26   3 109
  52  41  81 128
  94  52 494  84
  93  51 511  45
  25  99 593 127
9
  65  14 112  56
  51  95  74  15
  39  28  10  26
  50  75 374  58
  64  73 286 122
  56  40 474  49
   3  71  28  16
  79  88 203   1
  43  44  37  54
9
  31   0  78  45
  82  97 249 128
  46  83 528 124
  91  30 398  89
  77  62 238  48
  10  61 308  15
  63   8 330  14
  81  86 202  26
  73  13  70  91
15
   9  98 547 111
  91  81 315  40
  18  30 557  76
   8  80 434  24
  14  66  77  78
  54   3 628  67
   7   4 296  33
  12  86 175  99
  81  73 517  43
  59  72 629   5
  69  77 358  31
  35  78 596   3
  50   1  85  25
  45  56 362 106
  92  52 296  91
2
  26  81 507 123
  87  59  21  70
13
   0  42 126   7
  69   9 507  20
  45  17   2 113
  68  50  39  93
  96  29 407  33
  44  87 639  81
  68  73 408  42
  47   7 639  69
  21  47 310  63
  49  42  23  74
  82  95 260  31
  45   2 192  62
  78  94 185  79
2
  98  62 202  26
  61  75 149  29
5
  73  90  24  55
  58  81 638  13
  92  17 144 106
  88  89 131  30
  14  72 412  73
8
  42  85 400  73
  72  76  98  70
  41  98  88  35
   3  57  38  44
  56  52 104  86
   7  94  17  29
  69  79 529  78
  34  31 394 123
8
  53  89 650  85
  23   0  19  34
  36  30 548  81
  66  41  30 100
  33   3 610  50
  77  19  61   4
  86  83  53  70
  39  78  41  52
10
  81   4 589  72
  86  46 154  29
  47  37 575  11
  72  85 212  24
  72  16  19  59
  81  13 110  50
  99  52 164  54
  97  98 176  30
  28  78 217  85
  96  66 513   3
14
  11  81 234 128
  51  21  81  45
  19  92 593  95
  59  48  53  44
  22  88 470  75
   0  58 326  58
  92  34 509  85
  60  51 491 106
   6  71 145  86
  64   9 576  79
  50  84 486 112
  10   9  73  24
  77  84  75  33
  55  77 427 108
11
  45  37 569 100
  35  71 555  84
  18  26 488  90
  91  57 417  67
  59  23 455 115
  71  39 588 114
  11  59 635  86
  61  43 661 107
  17   7 414 119
   4   5 593 128
  49  23 230  28
11
  92  52 505 109
  48  14 390  44
  18  17 298  47
  11  16 433  37
  57  77  33  57
  67  88 214  54
  87  78 443  69
  52  12 334  84
  87  44 381 116
  29  87 557  12
  92   0 298  93
13
  46  61 468  25
  32  83 591  86
   3  84 601 107
  11  22 222  33
  52  83 489  36
  29  79 113  48
  66  25 424  14
  77   4 551 110
  58  76 428  62
  46  90 238  57
  46   1 541  19
  85  10 621  26
  21  37 218   3
13
  77  76 564  49
  46  38 572 113
  68  20 429 112
  55  56  29  45
  47  21 354  38
  32  97 403  29
  75  83 507  79
  87  42 657  12
  36  17 401  16
  16  82 646  42
  19  37 565  88
   6  27 666  74
  57  53 539  17
14
  84  50 274  15
  81  55  56  33
  38  40 250  60
  19  55 489  85
  13  95 125  92
   6  98 429  50
  46   7 519  42
  60  14 539  63
  86  97 202  62
  62  19   5  99
  15   0  86  88
  95  35 162  37
  92  60 549  40
  46  51 508  77
9
  26  73  75  31
  75  35 291  47
  39  70 442 128
  52  91 141 125
  91  88 235 117
  27  75  84  38
   6  28 664  60
  80  22 137  67
  28  58 148  55
4
  19  68 287  11
  10  12 107  95
  57  94 583  92
  91  51 302  69
8
  58  32 203 115
  19  84 451  86
  45  66 117  88
  91  91 395  44
  28  69 446  25
  91  79 596 108
  14  47 632   2
  70  79 397   1
14
  17  25 666   8
  20   4 463  10
  15  55 271  36
   4  35 327  58
  50  31 405  16
  84  79 621 100
  59  24 640  74
  87  40 268  53
  89  57 580  37
  77  61 418   3
  57  44 251  16
  85  13 166  79
  91  87 380  96
  89  75  31  76
15
  47  88 383  53
  10  23 353 113
  98  24 645  78
  94  14  10  47
  28  13 370  82
  81  24 271   9
  56   1 660  35
  42  20 203  59
  87  89 422  75
  26  97 203 118
  59  76 330   2
  27  53 529  95
  50  55 297  58
  59  83 356  30
  89  67 207   7
4
   1  25 536  45
  37  42 659 126
  34  18 419  46
  91  64 648  97
4
  98  53 185 116
  90  30 601  99
  49  26  33 122
  49  89 578  78
13
  36  94 515  87
  82   8 110  72
   5  11  97  98
  52  48 277 100
  22  10  29   5
   5  56 223  93
  36  22  68  20
  40  18 270  31
   5  76 365  46
  64  39 501  88
  40  69 355 101
  97  44 512   6
  96  71 527  76
13
  84  86 102 128
  47  82 163  72
  56  92 223 105
  86  79 536  51
  39  79 644  41
  33  88 566  49
  73  52 384  20
  88  80 477  29
  29  72  73  42
  32  28  66  89
  80  40 631  74
  62  66 222  51
  26   1 142 115
14
  78  35 130 110
  64  39 284  57
   8  18 516  14
  54  48 318 108
  99  84 106  88
  93  73 519  42
  80   7 371  43
  31  48 267  26
  13   9 567  38
  38  30 291  66
  27  98 481  36
  26  33 364  20
   5  77  40 101
  16  98 182  10
3
  92  76 339  19
  84  41 332  17
  69  81 310  86
13
  70  37 102  45
   9  69 607  49
  91  79  62  71
   5  94  67  56
  28  63 520  65
  17  77 244 127
   8  38 596  38
  15  97 401  64
  33  37 583 126
  40  94  28  95
  15  83  58  97
  70  21  19  75
  21  51  55  72
15
  41  45 566   5
  89  84 266  46
  88  46 224  75
  96  62 632   2
  51   4 511 111
  15  41 179  14
  29  27 603  86
  95  73 247  64
  69  36 429  56
  25  10 222 120
  65  65  56  93
  70  13 426  41
  71  74 103   6
  87  86 480  95
  46  68 628  56
12
  64   5 398  59
   3  88 431  99
  46  79 594   6
  10  38 192 104
  32  44 222 127
  50  26 350 124
  71  82  54  38
  28  37 145  11
  56  92 541  27
  10  11 583 122
  81   8 385  87
   2  43 331  32
13
   6  90 385 128
  30  12 116  86
   7  64  34 108
  18  81 235  69
  69  91 564  70
  43  71 618  13
   8  82 541  22
  39  67 511  49
  92  46 297  76
  78  22 101  84
  17  85 256  86
  72  35 188  48
   9  94 130  81
13
  70  94 503  78
  75  18 333   3
  31   2 172  70
  65  34 435 104
   7  10 415  33
  21  91 648  51
  46  29 182  88
  75  78  43  74
  33  45 399 111
   0  60 332   7
  28  83  39  13
  24  45 627  49
  32  32 355 119
13
  38  54 568  96
  77  48 657  60
   7  72 290 116
  83  86  50  13
  79  55 157  94
  39  87   4 110
  89  74 246  54
  18  76 227  96
  99   9 342  37
  70  76 466  80
  52  78  37  65
  26  35 625  74
  75   5 245  67
1
  56  11 332  21
7
  80  99  90  37
  27  63 358  83
  91  36 520 123
  99  43 347  74
  59  15 214 125
  37   1 574  52
  16  81 442 110
5
  37  46 152  66
  24   7 204 109
  45  90 231  91
  42  67 648  27
  30  66 331  42
2
  26   7 332  38
  80  10 619  99
8
  55  81 540 101
  65  34  71   7
   8  51 475  87
  93  42 608  63
  33  11 124  60
  62  58 596  30
  13  13 542 106
   7  86 590  64
8
   9  21 301  76
  25  27 471   5
  63  51 365  23
   1  83 543   7
  57   2 115  96
  16  14 547 108
  22  67 308 122
  81  37 143 114
10
  44  37  69 111
  10  34 511  71
   9  92 647   6
   1  17 468  14
  63  80 185  12
  67  93 151  25
  42  81 618  52
  14  31  67  69
  30  59 111  37
  48  92 396  32
11
  77  28 583  13
   1  24 661  32
  11  41 651   7
  48  78  87  74
  55  53 285 118
  72  64 444 120
  76   7 395   7
  23  71  42  76
  92   1  89  38
  44  45 352  87
  46   7 581  50
11
   6  88 402  79
  19  10 563  33
   6  50 573  61
  48  45 587  10
  49  14  36  10
  47  83 297  23
  42  13 279  89
  73  37 398   4
   6  32 587 107
  34  26 579  15
  21  40 375  41
13
  59  51 478  51
  94  81 248  80
  16  98 641  33
   5   4 405  82
   8  11 396  71
   7  82 299  34
  24  87 129  89
  46  78 655  49
  13  57 566  23
  71   7 435  99
  16  87  76  76
  32  21 196  71
  90  92 178  22
3
  42   3 101  27
  46   2 192 126
  38  24 360  14
4
  97  97 374  98
  35  54  27  33
  58  31 363 113
  80  95 329 121
2
  57  96 201 119
   3  36 603  17
11
  35   4  21  10
  11   8 284   3
  97  31 515  51
  23  53  57  13
  73  31  53 111
  29  75 506  67
  12  29  19  11
  65  92 651  37
   3   0 147  93
  36  14 584  94
  61  33 255  82
2
  80  44  73  47
  97  55 336  52
13
  65  76 462  17
  31  98  19  80
  65  79 505  98
  56  78 631  98
  45  54 113  57
  46  84 457  82
  85  13 283  57
  59  77 181 108
  76  25 152 110
  66   7 184  34
   3  83 287  38
  23  11 381  84
  71  69 542 107
5
  73  57 432 126
  45  97  19  44
  28  35 571  36
   8  81 412  30
  57  22 608  80
3
  88  44 577 110
  65  57 285  89
  95  22 491  35
6
  44  49 441  60
  11  53 377 109
  81  22 657  13
  69  80 544  96
  71  98 537  88
  65  67 445 116
1
   6  93 606   1
12
   1  21  69 113
   3  73 266  31
  35  90 310  41
  38  28 108  15
  56  52 486  99
  22  94 204  16
  24   7 618  66
  86  15 132 127
  18  87 290  76
  99  21 311  91
  91  86 438  78
  10  29 529 101
4
  45  53 649  78
   5  74 412  97
  96  91 135  95
   7  15 452 103
15
  55  24 360  34
  34  18 438  21
  81   1 618  73
  52  63 606  30
  79  68 355  33
  36  14 447  27
  95  54 571  90
  11  59 416 118
  59  18 603 124
  50  94  77 122
  93  31 348  12
  50  97  13  83
  44  29 216 119
  57  81 216  84
  35   4 576 118
9
  51  64 555  96
  52  49 234  69
  64  12 584  98
  81  62  34  11
  19  39 391  79
  89  11  51   7
  56  95 323  66
  87   9 311  61
  44  39 226  33
10
  91  18 319 109
  17  25 278  97
  10  71 389  46
  34  56 376  79
  22   3 244  63
  74  46 382  69
  98  54 334  14
  16  99 613 101
  59   7 309  68
   2  29 176  46
7
  43  41 529  13
  18  45 118 125
  94  10  52 111
  55  67 372  54
  42  31  40  56
  87  41  61  22
  44  92 405  44
9
  63  86 223  75
  57  35 352 114
  46  39 388  96
  53  16 266  81
  22  96 398  77
   6  39 541  19
  36  66 155  60
  68  21 343  31
  28  31  24  91
13
  24  64 634  76
  10  92 427  21
  53  14  58  99
  84  60 425  91
  53  68  51  48
  95  75 665 113
  85  45 427  38
  98  74 418  64
  87  23 319   3
  35  97 312 105
  59  40 400  10
  27  43 601 109
   3  33 226  68
5
  56  97 111 117
  21  36 565  85
  50  32 637  65
  77   6 634 118
  31  42 496 113
10
  96  34 654  78
  96  60 480  32
  11   8 526  26
  14   7 544   1
  87  74 632 126
  36  97 655   2
  76  56 615 128
  21  62 164  97
  86  17 138  68
  63  34 356  83
10
  59  37 212   7
  67  60  87  31
   7  32 307  87
  23  42 219  30
  64  43 295  97
  82  39 653 106
  11  36  80  50
  57  20 311  64
  13  17 250 112
  92  81 514  78
5
  86  26 312  14
  15  62  72  98
  60   0 423  69
  46  94  39  42
  23   9 658 104
1
  36  34 489 116
3
  40   0 618  85
  73  43 435  96
  66  75 509  89
4
  84  56 280  52
  61  78  19 111
  36  22 258  42
  94  90 466   9
10
  10  95 137   7
  77  28 117  91
  42  65  53  92
  96  66 172 116
  19  62 263  82
  63  33 500  69
  91  71 206  15
  74  73 542 113
  94  36 453  49
  29  24  30  75
5
  62   0  73  82
  92  91 387 111
  38  72 398 100
  69  88  12  65
  75  33  79  63
14
  96  73 418   8
   6  13 312  71
  92  47 201  41
  15  34 357  60
  16  78 495  70
  85  12  98  83
  37  43 651  54
  27  42   2  60
  40  23 186  87
  75  98 223  31
  17  19 323  39
  13  33  87  17
  35  30 186 113
  38  72 395 117
2
  39  44 614  37
  89  97 296  67
2
  40  34 511  51
  42  38 585  68
13
  12  87 215 127
  68  42  25 122
  69  92 453  20
  57  96 299 106
   1  80 211  52
  56  43 631  61
  48  79 210 105
  72   2  90  31
   3  84  62  39
  71  23  89  53
  76  92 462 124
  31  85 243  33
  71  84 106 128
1
  63  59 132  24
4
  10  79 594 124
  46  51 642   2
  79  72  48  81
   6  47 398  55
1
  10  52  34 120
0
