666
76 33 34 111
70 105 70 105
106 50 106 50
109 30 31 73
37 31 94 40
100 89 92 70
4 97 82 77
115 65 82 110
33 47 80 4
99 68 99 68
48 71 118 77
124 124 48 48
41 95 111 34
51 3 46 120
28 39 16 21
23 91 32 104
18 3 45 19
29 126 126 29
110 63 74 60
3 3 9 9
83 26 83 26
10 119 62 90
68 88 22 40
7 1 17 14
63 15 63 15
109 99 63 22
79 84 41 70
58 63 121 118
71 91 91 71
42 28 116 45
44 17 86 63
113 113 104 104
13 110 102 67
9 9 103 103
103 43 118 80
124 21 53 60
45 68 100 99
111 111 113 113
25 47 25 47
105 99 105 99
120 120 96 96
117 32 81 7
81 30 103 112
62 41 32 7
107 29 59 32
94 94 94 94
6 7 46 64
22 2 116 86
124 22 124 22
116 116 4 4
88 126 26 14
89 67 78 5
76 76 91 91
57 57 11 11
27 18 27 18
118 86 92 57
79 124 56 56
70 70 123 123
86 66 124 64
42 73 71 112
87 44 39 98
62 14 62 14
6 64 64 6
19 19 103 103
46 79 46 79
7 116 7 116
119 69 101 114
60 60 60 60
31 117 121 13
49 39 83 4
99 91 80 52
37 128 106 96
46 103 29 10
49 118 101 60
1 118 6 91
72 101 105 110
21 36 43 22
107 24 88 5
65 105 105 65
91 75 75 91
121 112 112 121
72 60 41 77
24 95 95 24
94 120 72 94
84 84 92 92
18 29 29 18
88 123 9 69
112 112 54 54
77 78 78 77
74 90 14 125
68 68 63 63
30 112 27 12
30 124 80 48
9 104 126 106
79 65 6 6
13 52 104 13
22 5 22 5
111 37 105 81
68 88 88 68
125 125 65 65
102 77 77 102
15 5 107 102
32 51 41 51
116 97 116 97
86 86 121 121
47 101 29 103
84 89 12 25
124 43 43 124
33 76 81 92
23 25 25 23
77 57 48 31
57 91 66 102
48 16 99 52
83 11 11 83
98 20 65 42
77 32 3 128
106 124 122 50
76 113 21 29
2 22 105 87
69 69 37 37
82 95 25 6
108 123 74 3
84 77 15 9
13 42 42 13
69 45 69 45
67 10 101 115
6 120 94 12
57 83 6 21
77 39 109 70
50 121 121 50
64 108 71 126
80 110 8 75
29 64 70 100
46 98 32 98
81 84 62 39
30 125 70 51
21 79 21 79
2 51 51 2
74 5 74 5
75 22 35 21
71 71 115 115
118 7 74 8
11 30 104 35
21 50 18 85
41 5 41 5
82 38 76 76
79 70 66 89
124 28 116 113
100 111 106 80
127 1 81 13
94 58 117 56
98 115 31 29
124 113 93 96
39 51 39 57
23 23 20 20
42 60 110 77
81 81 70 70
26 77 77 26
71 34 96 73
15 76 8 22
124 69 124 69
108 59 45 16
78 69 52 57
93 125 76 22
114 70 70 114
87 20 20 87
59 64 97 9
90 69 121 110
100 55 80 37
120 40 1 41
79 74 110 11
34 82 34 82
125 121 121 125
31 31 45 45
29 56 121 123
86 110 81 102
42 74 83 38
117 19 70 38
19 104 19 104
82 10 90 54
44 56 56 44
25 91 34 111
26 116 117 94
60 56 93 1
67 20 23 114
6 92 29 122
17 86 40 55
3 45 29 16
8 55 8 55
38 92 88 99
101 31 31 101
3 108 128 68
85 126 99 32
11 11 15 15
39 103 103 39
35 112 71 121
12 34 12 34
8 69 41 4
86 35 48 75
60 60 18 18
26 88 122 122
97 97 38 38
17 54 79 94
77 86 68 64
17 79 69 94
72 10 72 10
73 73 73 73
8 116 8 116
117 27 27 117
47 94 62 107
68 120 15 125
9 99 59 54
117 119 7 17
106 106 26 26
16 123 13 98
79 96 38 12
13 93 72 4
29 42 42 29
58 23 26 67
42 45 118 27
3 117 51 53
19 75 8 7
84 47 47 84
52 52 64 64
46 46 18 18
54 116 54 116
58 107 65 12
17 121 121 17
91 127 122 72
9 110 41 24
118 71 7 124
93 93 1 1
80 99 89 1
23 48 23 48
98 120 120 98
20 125 1 96
97 73 60 51
110 24 80 57
14 29 29 14
41 17 56 15
68 68 8 8
109 46 14 128
110 60 60 110
98 16 70 59
14 14 25 25
106 105 106 105
72 17 77 99
26 114 114 26
121 121 52 52
68 41 85 38
37 107 107 37
51 90 111 54
29 52 17 75
80 80 40 40
16 3 69 83
32 45 26 123
85 47 85 47
85 70 85 70
94 74 86 66
118 44 24 34
79 69 107 15
125 63 125 63
52 27 91 52
117 107 107 117
22 117 22 117
118 38 68 94
114 114 20 20
103 113 42 3
21 112 21 112
66 74 74 66
8 66 61 37
63 27 81 74
6 4 28 104
78 117 117 78
48 126 48 126
2 40 33 51
125 47 110 82
13 28 14 24
22 101 25 90
15 97 13 19
86 96 53 47
7 70 7 70
38 37 56 26
20 25 116 127
28 28 28 28
59 95 52 124
77 72 55 26
23 80 112 109
41 14 30 78
108 32 105 28
127 72 127 72
31 127 17 83
33 27 123 11
22 16 17 110
28 58 74 49
8 119 76 99
61 96 86 63
126 126 8 8
32 51 105 11
107 7 19 80
5 5 5 5
74 46 84 123
78 42 42 78
118 18 118 18
60 4 60 4
117 34 117 34
14 78 39 101
28 55 73 34
110 87 87 110
86 65 41 57
18 83 96 119
4 106 27 118
37 88 88 37
13 85 14 108
69 85 69 85
69 33 71 81
110 26 77 96
90 126 92 69
82 126 20 70
48 61 20 23
96 119 86 64
118 118 121 121
121 43 121 43
113 19 113 19
89 105 97 41
127 79 127 79
79 105 54 3
11 96 101 24
72 123 72 123
120 104 16 89
106 94 36 118
59 18 41 109
93 82 109 83
61 6 98 87
52 60 50 76
71 44 30 106
116 116 111 111
92 68 60 128
111 12 55 50
109 115 65 58
28 38 6 86
10 10 128 11
63 21 45 124
69 69 58 58
78 122 111 98
116 116 116 116
63 25 63 25
83 21 21 83
3 80 59 74
12 38 8 43
124 19 76 89
3 7 16 59
12 85 12 85
24 124 54 22
77 64 23 66
38 88 88 38
4 94 35 14
15 56 56 15
118 8 124 103
23 22 85 12
37 110 110 37
99 99 19 19
23 90 102 23
39 53 92 18
64 64 64 64
46 46 87 87
117 40 3 18
13 47 89 101
37 104 5 102
60 90 60 90
54 51 20 100
59 9 100 71
44 91 80 32
67 17 67 17
74 39 127 20
46 50 50 46
109 100 49 118
123 46 55 61
21 114 120 61
114 38 14 41
1 1 94 31
42 101 42 101
106 106 14 14
106 5 106 5
72 77 114 14
111 26 17 72
71 71 70 70
100 100 100 100
116 39 7 112
127 127 127 127
127 40 127 40
30 30 117 117
16 41 41 16
121 117 68 114
65 111 105 105
87 39 87 39
50 43 94 104
36 117 23 65
14 111 58 22
12 12 118 118
73 100 100 73
122 55 34 104
17 105 17 105
38 100 61 80
107 107 104 104
106 49 71 115
127 18 3 11
72 40 20 103
61 75 128 24
107 25 25 39
18 78 18 78
64 107 84 66
38 38 96 96
84 65 102 35
71 82 54 108
75 38 123 20
76 106 31 13
117 117 117 117
40 95 95 40
98 98 35 35
39 63 112 19
125 98 54 113
58 64 63 73
117 24 24 117
50 38 21 101
106 63 126 68
28 91 91 28
54 88 13 46
28 42 28 42
13 67 41 127
10 103 10 103
87 123 32 10
86 93 22 99
91 51 108 113
23 90 23 90
123 37 37 123
102 99 102 99
112 59 68 106
102 21 14 34
118 106 77 107
27 112 112 27
122 106 106 122
43 43 38 38
10 82 85 96
53 115 53 115
108 40 120 87
13 9 87 34
126 17 4 51
93 93 72 72
96 89 67 60
45 54 54 45
100 100 97 97
36 126 36 126
24 85 94 64
120 112 112 120
16 17 5 78
1 95 1 95
2 54 70 44
119 12 5 95
27 123 104 110
120 68 100 104
52 57 76 86
70 37 19 16
70 88 115 58
59 90 87 64
48 29 88 109
28 51 36 100
123 123 103 103
115 115 115 115
61 26 43 74
79 96 36 22
64 107 107 64
58 29 128 63
88 88 18 18
11 80 80 33
62 51 30 46
126 89 126 89
103 24 13 1
121 121 90 90
29 26 27 95
13 5 50 58
60 102 60 102
13 78 24 57
117 52 63 102
83 83 37 37
39 86 86 39
72 11 127 73
95 95 51 51
110 46 41 43
107 118 105 73
56 110 67 17
72 87 90 128
11 105 113 38
19 46 46 19
51 33 39 72
120 67 120 67
45 45 122 122
23 67 113 123
91 91 120 120
68 78 68 78
4 41 62 10
42 52 84 68
55 68 114 26
81 54 26 46
116 116 116 116
81 17 65 103
119 30 110 14
121 11 66 75
106 50 50 106
119 125 88 4
46 14 44 93
50 69 95 59
116 48 47 124
13 45 79 94
81 12 33 85
91 34 116 78
71 112 91 3
27 11 7 108
110 110 88 88
8 90 50 56
47 113 59 85
54 49 49 54
66 126 88 72
115 25 25 115
124 58 43 53
17 60 106 55
92 92 70 70
67 67 128 128
49 49 34 34
26 37 34 13
65 120 105 85
106 124 52 36
89 121 15 44
104 104 104 104
128 41 10 90
33 89 33 89
97 97 97 97
66 7 48 14
81 27 39 66
91 123 6 5
56 56 94 3
39 117 118 5
16 1 100 10
25 82 102 127
6 117 59 12
65 48 23 10
69 35 83 81
121 121 121 121
128 17 23 92
20 101 20 101
74 105 56 120
39 77 2 122
65 23 22 73
27 41 66 28
26 95 22 128
86 72 16 110
82 84 84 82
65 112 112 65
92 92 21 21
42 42 79 79
116 17 116 17
125 66 109 61
25 2 119 125
5 98 48 80
15 69 47 84
61 32 32 61
61 61 77 77
112 78 94 30
66 34 85 31
58 3 35 113
118 37 54 118
51 98 98 51
22 110 45 39
118 43 116 53
31 34 117 102
10 104 18 20
60 9 60 9
78 51 1 57
120 103 20 2
124 38 90 93
72 15 72 15
9 121 102 119
58 65 65 58
81 7 17 108
96 94 59 43
21 4 114 39
20 79 57 12
97 123 43 84
111 112 111 112
105 105 5 5
108 4 38 25
21 34 74 36
65 85 79 63
47 40 40 47
30 30 72 119
33 16 14 54
88 63 82 68
87 7 116 22
5 14 5 14
19 101 93 118
105 128 83 72
4 91 45 44
13 13 13 13
94 44 111 20
101 98 98 101
1 25 64 17
29 71 111 1
30 30 120 120
54 37 54 37
84 40 77 39
56 56 56 56
56 36 26 56
76 93 34 85
102 43 117 79
47 79 48 90
28 73 82 124
120 117 65 84
97 97 76 76
75 8 80 102
36 23 36 23
28 104 116 19
83 51 67 92
53 80 92 31
100 52 7 26
5 5 7 7
115 13 112 88
72 72 72 72
122 122 33 33
115 81 81 115
72 119 86 68
79 79 79 79
115 101 101 115
37 81 81 37
37 41 41 37
59 18 113 102
3 102 53 97
20 38 38 20
116 66 9 42
24 24 127 127
112 66 66 112
74 48 68 128
106 59 106 59
25 64 92 47
54 122 122 54
128 5 1 63
27 77 58 68
77 85 77 85
3 8 87 16
81 56 81 56
7 82 25 125
77 47 105 64
78 68 1 26
96 59 111 94
42 102 83 23
76 76 124 124
93 15 21 17
118 51 118 51
58 128 64 56
91 63 96 13
119 6 106 38
100 116 43 7
15 89 15 89
74 59 28 16
80 80 80 80
72 79 48 15
76 78 76 78
